0.1286690235,0.7243125000,0.5413125000,4.8735000000
0.2274563313,0.7243125000,0.5441250000,4.8735000000
0.3274302483,0.7246875000,0.5445000000,4.8735000000
0.4274787903,0.7245000000,0.5441250000,4.8735000000
0.5274310112,0.7241250000,0.5445000000,4.8729375000
0.6274430752,0.7245000000,0.5443125000,4.8735000000
0.7274899483,0.7248750000,0.5445000000,4.8733125000
0.8274288177,0.7246875000,0.5439375000,4.8735000000
0.9274818897,0.7245000000,0.5445000000,4.8735000000
1.0276954174,0.7246875000,0.5435625000,4.8735000000
1.1276197433,0.7246875000,0.5437500000,4.8735000000
1.2274632454,0.7246875000,0.5441250000,4.8735000000
1.3286168575,0.7248750000,0.5443125000,4.8735000000
1.4274389744,0.7250625000,0.5445000000,4.8735000000
1.5274300575,0.7246875000,0.5439375000,4.8736875000
1.6275317669,0.7248750000,0.5443125000,4.8735000000
1.7274558544,0.7248750000,0.5448750000,4.8735000000
1.8274533749,0.7248750000,0.5443125000,4.8735000000
1.9274270535,0.7250625000,0.5445000000,4.8735000000
2.0274391174,0.7254375000,0.5445000000,4.8733125000
2.1276509762,0.7246875000,0.5448750000,4.8735000000
2.2274971008,0.7254375000,0.5441250000,4.8733125000
2.3274362087,0.7250625000,0.5446875000,4.8735000000
2.4274375439,0.7250625000,0.5443125000,4.8735000000
2.5282757282,0.7248750000,0.5424375000,4.8735000000
2.6293385029,0.7246875000,0.5439375000,4.8735000000
2.7276144028,0.7252500000,0.5445000000,4.8735000000
2.8276975155,0.7252500000,0.5443125000,4.8735000000
2.9274797440,0.7250625000,0.5445000000,4.8735000000
3.0276720524,0.7252500000,0.5443125000,4.8736875000
3.1276242733,0.7250625000,0.5441250000,4.8735000000
3.2274553776,0.7252500000,0.5443125000,4.8736875000
3.3274321556,0.7252500000,0.5443125000,4.8736875000
3.4274709225,0.7250625000,0.5443125000,4.8735000000
3.5274915695,0.7250625000,0.5445000000,4.8736875000
3.6276669502,0.7252500000,0.5433750000,4.8736875000
3.7275893688,0.7250625000,0.5446875000,4.8720000000
3.8274741173,0.7252500000,0.5441250000,4.8735000000
3.9274446964,0.7250625000,0.5443125000,4.8735000000
4.0278389454,0.7254375000,0.5443125000,4.8735000000
4.1276078224,0.7254375000,0.5448750000,4.8735000000
4.2274911404,0.7252500000,0.5443125000,4.8735000000
4.3274259567,0.7250625000,0.5443125000,4.8735000000
4.4274287224,0.7250625000,0.5441250000,4.8735000000
4.5274045467,0.7250625000,0.5443125000,4.8735000000
4.6274294853,0.7252500000,0.5448750000,4.8735000000
4.7274897099,0.7254375000,0.5441250000,4.8735000000
4.8274307251,0.7248750000,0.5435625000,4.8735000000
4.9274358749,0.7254375000,0.5437500000,4.8735000000
5.0274491310,0.7252500000,0.5441250000,4.8735000000
5.1276013851,0.7250625000,0.5439375000,4.8735000000
5.2274990082,0.7250625000,0.5443125000,4.8735000000
5.3276026249,0.7250625000,0.5437500000,4.8736875000
5.4274435043,0.7248750000,0.5439375000,4.8735000000
5.5277488232,0.7250625000,0.5437500000,4.8735000000
5.6274600029,0.7250625000,0.5445000000,4.8736875000
5.7274661064,0.7250625000,0.5443125000,4.8736875000
5.8274488449,0.7250625000,0.5439375000,4.8736875000
5.9274883270,0.7250625000,0.5443125000,4.8735000000
6.0274603367,0.7250625000,0.5443125000,4.8735000000
6.1276021004,0.7250625000,0.5439375000,4.8736875000
6.2274563313,0.7248750000,0.5445000000,4.8735000000
6.3274223804,0.7248750000,0.5439375000,4.8736875000
6.4274551868,0.7248750000,0.5439375000,4.8735000000
6.5274434090,0.7246875000,0.5441250000,4.8735000000
6.6286308765,0.7248750000,0.5443125000,4.8735000000
6.7274420261,0.7246875000,0.5443125000,4.8735000000
6.8275411129,0.7250625000,0.5443125000,4.8735000000
6.9274740219,0.7245000000,0.5445000000,4.8735000000
7.0277466774,0.7248750000,0.5446875000,4.8735000000
7.1276164055,0.7246875000,0.5439375000,4.8735000000
7.2274239063,0.7248750000,0.5433750000,4.8735000000
7.3274497986,0.7245000000,0.5443125000,4.8735000000
7.4274318218,0.7246875000,0.5443125000,4.8735000000
7.5274667740,0.7246875000,0.5439375000,4.8735000000
7.6274530888,0.7246875000,0.5443125000,4.8735000000
7.7274477482,0.7245000000,0.5445000000,4.8735000000
7.8276531696,0.7246875000,0.5439375000,4.8735000000
7.9286632538,0.7246875000,0.5441250000,4.8735000000
8.0275974274,0.7245000000,0.5443125000,4.8735000000
8.1276130676,0.7246875000,0.5439375000,4.8735000000
8.2274601460,0.7243125000,0.5443125000,4.8736875000
8.3274414539,0.7245000000,0.5441250000,4.8735000000
8.4274370670,0.7245000000,0.5441250000,4.8735000000
8.5277681351,0.7245000000,0.5441250000,4.8735000000
8.6274726391,0.7246875000,0.5439375000,4.8736875000
8.7274329662,0.7243125000,0.5439375000,4.8736875000
8.8275222778,0.7245000000,0.5439375000,4.8736875000
8.9274880886,0.7241250000,0.5441250000,4.8736875000
9.0274565220,0.7243125000,0.5439375000,4.8735000000
9.1276209354,0.7241250000,0.5445000000,4.8714375000
9.2274115086,0.7241250000,0.5433750000,4.8733125000
9.3276302814,0.7239375000,0.5437500000,4.8735000000
9.4274857044,0.7241250000,0.5441250000,4.8736875000
9.5274276733,0.7239375000,0.5443125000,4.8736875000
9.6274263859,0.7241250000,0.5439375000,4.8735000000
9.7274498940,0.7243125000,0.5441250000,4.8735000000
9.8274848461,0.7239375000,0.5443125000,4.8735000000
9.9275496006,0.7241250000,0.5445000000,4.8735000000
10.0277683735,0.7241250000,0.5439375000,4.8735000000
10.1276452541,0.7239375000,0.5443125000,4.8735000000
10.2275342941,0.7239375000,0.5441250000,4.8735000000
10.3274986744,0.7241250000,0.5443125000,4.8735000000
10.4275105000,0.7237500000,0.5443125000,4.8735000000
10.5274879932,0.7237500000,0.5445000000,4.8735000000
10.6281859875,0.7239375000,0.5441250000,4.8735000000
10.7275333405,0.7237500000,0.5441250000,4.8735000000
10.8275594711,0.7237500000,0.5443125000,4.8736875000
10.9274642467,0.7237500000,0.5443125000,4.8735000000
11.0275020599,0.7237500000,0.5446875000,4.8735000000
11.1276583672,0.7235625000,0.5443125000,4.8735000000
11.2275273800,0.7237500000,0.5439375000,4.8735000000
11.3274934292,0.7237500000,0.5446875000,4.8736875000
11.4284145832,0.7237500000,0.5441250000,4.8735000000
11.5278198719,0.7235625000,0.5443125000,4.8736875000
11.6275303364,0.7235625000,0.5439375000,4.8735000000
11.7274863720,0.7235625000,0.5448750000,4.8736875000
11.8275222778,0.7235625000,0.5446875000,4.8736875000
11.9278767109,0.7237500000,0.5439375000,4.8735000000
12.0276117325,0.7237500000,0.5448750000,4.8729375000
12.1276679039,0.7235625000,0.5437500000,4.8735000000
12.2274918556,0.7235625000,0.5439375000,4.8735000000
12.3274819851,0.7231875000,0.5443125000,4.8736875000
12.4275193214,0.7235625000,0.5439375000,4.8735000000
12.5274744034,0.7233750000,0.5446875000,4.8735000000
12.6274800301,0.7231875000,0.5441250000,4.8736875000
12.7275333405,0.7231875000,0.5439375000,4.8735000000
12.8276557922,0.7231875000,0.5441250000,4.8736875000
12.9275486469,0.7231875000,0.5439375000,4.8735000000
13.0278239250,0.7231875000,0.5439375000,4.8735000000
13.1276221275,0.7231875000,0.5435625000,4.8736875000
13.2275459766,0.7231875000,0.5443125000,4.8735000000
13.3276464939,0.7228125000,0.5441250000,4.8735000000
13.4274637699,0.7231875000,0.5445000000,4.8735000000
13.5275869370,0.7231875000,0.5443125000,4.8735000000
13.6274690628,0.7231875000,0.5435625000,4.8736875000
13.7274539471,0.7230000000,0.5443125000,4.8736875000
13.8274610043,0.7230000000,0.5443125000,4.8735000000
13.9275970459,0.7230000000,0.5441250000,4.8735000000
14.0275018215,0.7226250000,0.5439375000,4.8736875000
14.1276030540,0.7228125000,0.5443125000,4.8736875000
14.2275125980,0.7228125000,0.5441250000,4.8736875000
14.3276555538,0.7228125000,0.5445000000,4.8736875000
14.4275119305,0.7228125000,0.5439375000,4.8736875000
14.5287067890,0.7226250000,0.5439375000,4.8735000000
14.6291968822,0.7228125000,0.5443125000,4.8735000000
14.7276139259,0.7228125000,0.5441250000,4.8736875000
14.8275334835,0.7226250000,0.5443125000,4.8733125000
14.9274783134,0.7228125000,0.5441250000,4.8735000000
15.0274577141,0.7224375000,0.5443125000,4.8735000000
15.1275966167,0.7224375000,0.5441250000,4.8735000000
15.2274777889,0.7222500000,0.5441250000,4.8735000000
15.3274767399,0.7224375000,0.5439375000,4.8735000000
15.4274597168,0.7224375000,0.5446875000,4.8735000000
15.5274634361,0.7222500000,0.5443125000,4.8735000000
15.6274750233,0.7222500000,0.5441250000,4.8735000000
15.7274348736,0.7226250000,0.5437500000,4.8735000000
15.8274388313,0.7224375000,0.5443125000,4.8735000000
15.9274587631,0.7224375000,0.5439375000,4.8735000000
16.0298945904,0.7222500000,0.5435625000,4.8735000000
16.1276211739,0.7224375000,0.5443125000,4.8735000000
16.2274491787,0.7222500000,0.5445000000,4.8735000000
16.3275117874,0.7222500000,0.5433750000,4.8735000000
16.4275419712,0.7220625000,0.5431875000,4.8735000000
16.5275483131,0.7220625000,0.5443125000,4.8735000000
16.6274955273,0.7218750000,0.5443125000,4.8735000000
16.7274441719,0.7218750000,0.5437500000,4.8735000000
16.8274300098,0.7218750000,0.5439375000,4.8736875000
16.9274597168,0.7220625000,0.5439375000,4.8736875000
17.0274538994,0.7220625000,0.5439375000,4.8735000000
17.1276054382,0.7220625000,0.5437500000,4.8736875000
17.2274622917,0.7218750000,0.5437500000,4.8735000000
17.3284690380,0.7218750000,0.5443125000,4.8736875000
17.4275369644,0.7218750000,0.5443125000,4.8736875000
17.5299379826,0.7218750000,0.5439375000,4.8736875000
17.6274797916,0.7215000000,0.5439375000,4.8733125000
17.7275249958,0.7216875000,0.5439375000,4.8735000000
17.8276741505,0.7215000000,0.5445000000,4.8735000000
17.9274878502,0.7215000000,0.5446875000,4.8735000000
18.0274398327,0.7215000000,0.5445000000,4.8735000000
18.1276047230,0.7216875000,0.5441250000,4.8735000000
18.2274682522,0.7213125000,0.5443125000,4.8735000000
18.3274419308,0.7216875000,0.5439375000,4.8735000000
18.4276597500,0.7215000000,0.5443125000,4.8735000000
18.5275096893,0.7213125000,0.5443125000,4.8735000000
18.6281404495,0.7211250000,0.5439375000,4.8733125000
18.7276396751,0.7215000000,0.5443125000,4.8735000000
18.8275001049,0.7215000000,0.5437500000,4.8735000000
18.9274406433,0.7215000000,0.5445000000,4.8735000000
19.0278592110,0.7213125000,0.5435625000,4.8735000000
19.1276168823,0.7213125000,0.5446875000,4.8735000000
19.2275035381,0.7215000000,0.5445000000,4.8735000000
19.3276097775,0.7213125000,0.5433750000,4.8735000000
19.4275264740,0.7211250000,0.5443125000,4.8735000000
19.5274851322,0.7211250000,0.5441250000,4.8735000000
19.6274828911,0.7211250000,0.5439375000,4.8736875000
19.7274901867,0.7211250000,0.5445000000,4.8735000000
19.8274633884,0.7211250000,0.5437500000,4.8735000000
19.9274597168,0.7209375000,0.5439375000,4.8735000000
20.0276362896,0.7203750000,0.5439375000,4.8725625000
20.1275992393,0.7207500000,0.5439375000,4.8733125000
20.2276043892,0.7213125000,0.5437500000,4.8735000000
20.3274917603,0.7209375000,0.5439375000,4.8735000000
20.4274649620,0.7209375000,0.5441250000,4.8736875000
20.5279250145,0.7209375000,0.5439375000,4.8735000000
20.6276361942,0.7209375000,0.5446875000,4.8735000000
20.7276296616,0.7209375000,0.5445000000,4.8735000000
20.8274831772,0.7207500000,0.5441250000,4.8735000000
20.9274761677,0.7207500000,0.5441250000,4.8735000000
21.0274631977,0.7205625000,0.5443125000,4.8735000000
21.1276066303,0.7207500000,0.5443125000,4.8735000000
21.2274427414,0.7205625000,0.5441250000,4.8736875000
21.3290622234,0.7205625000,0.5443125000,4.8735000000
21.4274988174,0.7203750000,0.5446875000,4.8735000000
21.5275135040,0.7203750000,0.5445000000,4.8735000000
21.6274993420,0.7207500000,0.5441250000,4.8735000000
21.7276513577,0.7203750000,0.5445000000,4.8735000000
21.8274772167,0.7205625000,0.5441250000,4.8735000000
21.9274671078,0.7203750000,0.5439375000,4.8736875000
22.0278365612,0.7201875000,0.5439375000,4.8735000000
22.1276183128,0.7203750000,0.5441250000,4.8736875000
22.2274680138,0.7203750000,0.5439375000,4.8736875000
22.3274781704,0.7203750000,0.5443125000,4.8736875000
22.4274847507,0.7203750000,0.5437500000,4.8736875000
22.5274870396,0.7203750000,0.5441250000,4.8735000000
22.6274797916,0.7203750000,0.5446875000,4.8736875000
22.7276177406,0.7198125000,0.5439375000,4.8720000000
22.8276822567,0.7200000000,0.5443125000,4.8733125000
22.9274818897,0.7201875000,0.5443125000,4.8735000000
23.0274879932,0.7201875000,0.5437500000,4.8735000000
23.1276252270,0.7201875000,0.5439375000,4.8733125000
23.2274951935,0.7200000000,0.5437500000,4.8735000000
23.3274943829,0.7200000000,0.5437500000,4.8735000000
23.4275205135,0.7200000000,0.5439375000,4.8735000000
23.5279068947,0.7196250000,0.5433750000,4.8735000000
23.6275398731,0.7200000000,0.5439375000,4.8735000000
23.7275192738,0.7198125000,0.5441250000,4.8735000000
23.8274810314,0.7198125000,0.5437500000,4.8735000000
23.9275221825,0.7198125000,0.5443125000,4.8735000000
24.0280516148,0.7200000000,0.5439375000,4.8735000000
24.1276397705,0.7200000000,0.5445000000,4.8735000000
24.2282586098,0.7198125000,0.5443125000,4.8735000000
24.3275597095,0.7198125000,0.5441250000,4.8735000000
24.4274990559,0.7196250000,0.5441250000,4.8735000000
24.5274868011,0.7196250000,0.5445000000,4.8735000000
24.6275234222,0.7196250000,0.5437500000,4.8735000000
24.7275195122,0.7196250000,0.5439375000,4.8736875000
24.8274884224,0.7196250000,0.5435625000,4.8735000000
24.9274957180,0.7194375000,0.5443125000,4.8736875000
25.0278677940,0.7194375000,0.5437500000,4.8736875000
25.1276082993,0.7194375000,0.5443125000,4.8736875000
25.2274963856,0.7196250000,0.5441250000,4.8727500000
25.3285369873,0.7194375000,0.5439375000,4.8735000000
25.4276182652,0.7192500000,0.5437500000,4.8735000000
25.5275530815,0.7192500000,0.5441250000,4.8733125000
25.6275057793,0.7190625000,0.5439375000,4.8735000000
25.7275297642,0.7194375000,0.5437500000,4.8735000000
25.8274538517,0.7190625000,0.5443125000,4.8735000000
25.9274713993,0.7190625000,0.5443125000,4.8735000000
26.0274767876,0.7192500000,0.5439375000,4.8735000000
26.1276097298,0.7192500000,0.5439375000,4.8735000000
26.2274627686,0.7190625000,0.5446875000,4.8735000000
26.3274755478,0.7192500000,0.5439375000,4.8735000000
26.4274530411,0.7192500000,0.5441250000,4.8735000000
26.5279400349,0.7190625000,0.5437500000,4.8735000000
26.6278400421,0.7190625000,0.5443125000,4.8735000000
26.7276511192,0.7190625000,0.5441250000,4.8735000000
26.8276610374,0.7188750000,0.5441250000,4.8735000000
26.9275906086,0.7188750000,0.5443125000,4.8735000000
27.0274999142,0.7190625000,0.5441250000,4.8735000000
27.1276106834,0.7190625000,0.5443125000,4.8735000000
27.2276093960,0.7188750000,0.5443125000,4.8735000000
27.3276128769,0.7188750000,0.5437500000,4.8736875000
27.4275584221,0.7190625000,0.5441250000,4.8736875000
27.5276627541,0.7188750000,0.5435625000,4.8735000000
27.6274654865,0.7188750000,0.5445000000,4.8735000000
27.7275171280,0.7186875000,0.5439375000,4.8735000000
27.8277354240,0.7188750000,0.5443125000,4.8735000000
27.9275681973,0.7188750000,0.5441250000,4.8716250000
28.0304057598,0.7185000000,0.5437500000,4.8735000000
28.1279542446,0.7185000000,0.5441250000,4.8733125000
28.2275660038,0.7186875000,0.5439375000,4.8733125000
28.3275246620,0.7186875000,0.5439375000,4.8735000000
28.4274682999,0.7186875000,0.5445000000,4.8735000000
28.5433270931,0.7185000000,0.5439375000,4.8735000000
28.6277143955,0.7183125000,0.5443125000,4.8735000000
28.7275888920,0.7185000000,0.5443125000,4.8733125000
28.8275060654,0.7183125000,0.5443125000,4.8735000000
28.9275240898,0.7186875000,0.5439375000,4.8735000000
29.0274436474,0.7185000000,0.5435625000,4.8735000000
29.1276133060,0.7186875000,0.5431875000,4.8735000000
29.2274186611,0.7183125000,0.5439375000,4.8736875000
29.3274662495,0.7183125000,0.5439375000,4.8735000000
29.4276382923,0.7185000000,0.5441250000,4.8733125000
29.5279643536,0.7181250000,0.5445000000,4.8735000000
29.6275494099,0.7185000000,0.5448750000,4.8735000000
29.7274715900,0.7185000000,0.5445000000,4.8735000000
29.8275213242,0.7181250000,0.5441250000,4.8733125000
29.9274885654,0.7181250000,0.5437500000,4.8736875000
30.0274367332,0.7181250000,0.5441250000,4.8736875000
30.1275918484,0.7183125000,0.5443125000,4.8735000000
30.2274372578,0.7181250000,0.5443125000,4.8735000000
30.3274397850,0.7181250000,0.5443125000,4.8735000000
30.4274466038,0.7179375000,0.5435625000,4.8735000000
30.5274744034,0.7181250000,0.5443125000,4.8716250000
30.6274416447,0.7177500000,0.5446875000,4.8733125000
30.7291796207,0.7177500000,0.5443125000,4.8735000000
30.8275463581,0.7181250000,0.5443125000,4.8735000000
30.9274535179,0.7181250000,0.5439375000,4.8735000000
31.0277554989,0.7179375000,0.5437500000,4.8735000000
31.1276082993,0.7179375000,0.5443125000,4.8735000000
31.2274708748,0.7179375000,0.5446875000,4.8735000000
31.3274548054,0.7179375000,0.5439375000,4.8735000000
31.4274306297,0.7177500000,0.5445000000,4.8735000000
31.5274426937,0.7177500000,0.5437500000,4.8735000000
31.6274528503,0.7177500000,0.5439375000,4.8735000000
31.7274851799,0.7179375000,0.5441250000,4.8735000000
31.8274285793,0.7177500000,0.5443125000,4.8735000000
31.9274618626,0.7175625000,0.5446875000,4.8735000000
32.0274348259,0.7177500000,0.5435625000,4.8735000000
32.1276381016,0.7175625000,0.5435625000,4.8733125000
32.2274231911,0.7175625000,0.5445000000,4.8735000000
32.3274550438,0.7177500000,0.5441250000,4.8735000000
32.4274289608,0.7175625000,0.5445000000,4.8735000000
32.5277681351,0.7177500000,0.5439375000,4.8735000000
32.6275334358,0.7177500000,0.5446875000,4.8736875000
32.7274656296,0.7177500000,0.5445000000,4.8735000000
32.8278353214,0.7175625000,0.5433750000,4.8712500000
32.9275658131,0.7173750000,0.5445000000,4.8733125000
33.0274491310,0.7175625000,0.5446875000,4.8735000000
33.1275994778,0.7175625000,0.5441250000,4.8733125000
33.2274203300,0.7175625000,0.5441250000,4.8735000000
33.3274927139,0.7173750000,0.5443125000,4.8735000000
33.4285719395,0.7171875000,0.5439375000,4.8735000000
33.5274670124,0.7171875000,0.5443125000,4.8735000000
33.6275691986,0.7171875000,0.5437500000,4.8735000000
33.7274615765,0.7173750000,0.5441250000,4.8736875000
33.8274276257,0.7175625000,0.5443125000,4.8735000000
33.9274387360,0.7173750000,0.5439375000,4.8733125000
34.0277462006,0.7171875000,0.5439375000,4.8735000000
34.1276259422,0.7171875000,0.5445000000,4.8735000000
34.2274305820,0.7171875000,0.5437500000,4.8733125000
34.3274338245,0.7173750000,0.5433750000,4.8735000000
34.4274122715,0.7173750000,0.5441250000,4.8735000000
34.5274233818,0.7170000000,0.5443125000,4.8733125000
34.6274309158,0.7168125000,0.5445000000,4.8735000000
34.7278070450,0.7173750000,0.5435625000,4.8736875000
34.8276398182,0.7171875000,0.5435625000,4.8735000000
34.9274687767,0.7171875000,0.5439375000,4.8736875000
35.0274655819,0.7170000000,0.5443125000,4.8735000000
35.1276006699,0.7171875000,0.5435625000,4.8736875000
35.2274334431,0.7170000000,0.5439375000,4.8736875000
35.3274772167,0.7171875000,0.5439375000,4.8735000000
35.4274919033,0.7168125000,0.5441250000,4.8735000000
35.5278313160,0.7168125000,0.5435625000,4.8736875000
35.6275563240,0.7170000000,0.5439375000,4.8735000000
35.7274446487,0.7168125000,0.5437500000,4.8735000000
35.8275032043,0.7170000000,0.5441250000,4.8735000000
35.9275200367,0.7170000000,0.5443125000,4.8735000000
36.0275065899,0.7170000000,0.5441250000,4.8735000000
36.1276466846,0.7170000000,0.5435625000,4.8735000000
36.2274971008,0.7170000000,0.5439375000,4.8735000000
36.3274877071,0.7168125000,0.5441250000,4.8735000000
36.4274649620,0.7168125000,0.5435625000,4.8735000000
36.5274989605,0.7168125000,0.5443125000,4.8735000000
36.6274704933,0.7170000000,0.5439375000,4.8735000000
36.7280681133,0.7166250000,0.5439375000,4.8735000000
36.8276135921,0.7168125000,0.5441250000,4.8735000000
36.9275212288,0.7170000000,0.5439375000,4.8735000000
37.0277197361,0.7168125000,0.5439375000,4.8735000000
37.1320462227,0.7168125000,0.5430000000,4.8735000000
37.2274510860,0.7168125000,0.5443125000,4.8733125000
37.3274397850,0.7168125000,0.5439375000,4.8735000000
37.4285149574,0.7168125000,0.5443125000,4.8735000000
37.5275893211,0.7168125000,0.5439375000,4.8735000000
37.6274223328,0.7166250000,0.5443125000,4.8736875000
37.7275047302,0.7168125000,0.5439375000,4.8735000000
37.8277006149,0.7168125000,0.5439375000,4.8735000000
37.9275076389,0.7166250000,0.5443125000,4.8735000000
38.0274670124,0.7166250000,0.5445000000,4.8735000000
38.1276519299,0.7168125000,0.5439375000,4.8735000000
38.2274503708,0.7162500000,0.5445000000,4.8731250000
38.3275756836,0.7166250000,0.5439375000,4.8735000000
38.4275152683,0.7166250000,0.5441250000,4.8733125000
38.5277545452,0.7164375000,0.5445000000,4.8735000000
38.6276807785,0.7164375000,0.5439375000,4.8735000000
38.7275025845,0.7166250000,0.5441250000,4.8733125000
38.8276195526,0.7164375000,0.5443125000,4.8735000000
38.9275150299,0.7164375000,0.5431875000,4.8735000000
39.0274889469,0.7166250000,0.5439375000,4.8733125000
39.1276159286,0.7166250000,0.5439375000,4.8735000000
39.2274396420,0.7164375000,0.5439375000,4.8735000000
39.3274376392,0.7164375000,0.5433750000,4.8735000000
39.4275090694,0.7164375000,0.5439375000,4.8733125000
39.5274641514,0.7166250000,0.5439375000,4.8733125000
39.6274185181,0.7164375000,0.5443125000,4.8733125000
39.7275025845,0.7164375000,0.5439375000,4.8735000000
39.8274276257,0.7164375000,0.5439375000,4.8735000000
39.9274208546,0.7164375000,0.5443125000,4.8735000000
40.0277082920,0.7162500000,0.5441250000,4.8738750000
40.1276392937,0.7164375000,0.5435625000,4.8736875000
40.2274768353,0.7162500000,0.5437500000,4.8736875000
40.3274385929,0.7162500000,0.5435625000,4.8735000000
40.4274396896,0.7162500000,0.5439375000,4.8736875000
40.5274164677,0.7164375000,0.5435625000,4.8736875000
40.6274502277,0.7162500000,0.5439375000,4.8735000000
40.7274818420,0.7162500000,0.5435625000,4.8714375000
40.8274402618,0.7160625000,0.5441250000,4.8733125000
40.9274239540,0.7160625000,0.5439375000,4.8733125000
41.0274264812,0.7162500000,0.5439375000,4.8733125000
41.1276149750,0.7160625000,0.5439375000,4.8736875000
41.2274444103,0.7162500000,0.5441250000,4.8733125000
41.3274700642,0.7160625000,0.5439375000,4.8735000000
41.4285860062,0.7160625000,0.5435625000,4.8735000000
41.5278098583,0.7162500000,0.5439375000,4.8735000000
41.6276085377,0.7158750000,0.5439375000,4.8735000000
41.7274503708,0.7162500000,0.5437500000,4.8735000000
41.8276448250,0.7162500000,0.5435625000,4.8735000000
41.9274680614,0.7160625000,0.5443125000,4.8735000000
42.0274357796,0.7162500000,0.5439375000,4.8733125000
42.1276226044,0.7160625000,0.5437500000,4.8735000000
42.2274188995,0.7158750000,0.5435625000,4.8735000000
42.3274478912,0.7162500000,0.5441250000,4.8735000000
42.4275975227,0.7160625000,0.5439375000,4.8735000000
42.5275292397,0.7160625000,0.5437500000,4.8735000000
42.6274609566,0.7160625000,0.5433750000,4.8735000000
42.7287530899,0.7162500000,0.5439375000,4.8735000000
42.8278093338,0.7160625000,0.5443125000,4.8736875000
42.9275357723,0.7162500000,0.5441250000,4.8735000000
43.0275094509,0.7160625000,0.5443125000,4.8735000000
43.1276338100,0.7160625000,0.5439375000,4.8735000000
43.2274417877,0.7156875000,0.5437500000,4.8729375000
43.3274660110,0.7158750000,0.5439375000,4.8733125000
43.4274394512,0.7158750000,0.5437500000,4.8735000000
43.5274052620,0.7160625000,0.5441250000,4.8733125000
43.6274359226,0.7160625000,0.5435625000,4.8735000000
43.7274415493,0.7158750000,0.5441250000,4.8733125000
43.8274376392,0.7158750000,0.5441250000,4.8735000000
43.9274291992,0.7158750000,0.5437500000,4.8735000000
44.0274300575,0.7158750000,0.5435625000,4.8735000000
44.1275942326,0.7160625000,0.5437500000,4.8735000000
44.2274310589,0.7158750000,0.5441250000,4.8735000000
44.3276953697,0.7158750000,0.5435625000,4.8735000000
44.4275507927,0.7160625000,0.5439375000,4.8735000000
44.5276069641,0.7158750000,0.5443125000,4.8735000000
44.6276197433,0.7160625000,0.5431875000,4.8733125000
44.7274718285,0.7158750000,0.5441250000,4.8735000000
44.8274238110,0.7156875000,0.5433750000,4.8735000000
44.9274561405,0.7160625000,0.5441250000,4.8735000000
45.0274691582,0.7156875000,0.5437500000,4.8735000000
45.1276063919,0.7158750000,0.5431875000,4.8736875000
45.2274484634,0.7158750000,0.5431875000,4.8735000000
45.3274424076,0.7158750000,0.5435625000,4.8736875000
45.4275870323,0.7158750000,0.5430000000,4.8735000000
45.5274608135,0.7160625000,0.5441250000,4.8735000000
45.6274390221,0.7158750000,0.5437500000,4.8735000000
45.7274200916,0.7158750000,0.5435625000,4.8735000000
45.8274285793,0.7158750000,0.5437500000,4.8735000000
45.9274084568,0.7156875000,0.5439375000,4.8735000000
46.0276019573,0.7158750000,0.5439375000,4.8735000000
46.1276519299,0.7160625000,0.5435625000,4.8735000000
46.2274458408,0.7155000000,0.5433750000,4.8735000000
46.3274590969,0.7158750000,0.5439375000,4.8735000000
46.4274530411,0.7158750000,0.5435625000,4.8735000000
46.5274374485,0.7156875000,0.5439375000,4.8735000000
46.6274585724,0.7156875000,0.5430000000,4.8733125000
46.7285697460,0.7160625000,0.5435625000,4.8735000000
46.8276093006,0.7156875000,0.5439375000,4.8735000000
46.9275238514,0.7158750000,0.5433750000,4.8735000000
47.0274288654,0.7156875000,0.5446875000,4.8735000000
47.1276121140,0.7156875000,0.5430000000,4.8735000000
47.2274210453,0.7156875000,0.5435625000,4.8735000000
47.3275277615,0.7156875000,0.5439375000,4.8735000000
47.4274477959,0.7158750000,0.5439375000,4.8736875000
47.5275490284,0.7156875000,0.5443125000,4.8735000000
47.6276199818,0.7156875000,0.5435625000,4.8735000000
47.7274177074,0.7158750000,0.5443125000,4.8735000000
47.8276453018,0.7156875000,0.5435625000,4.8735000000
47.9275767803,0.7158750000,0.5435625000,4.8735000000
48.0285544395,0.7156875000,0.5439375000,4.8731250000
48.1276290417,0.7155000000,0.5439375000,4.8733125000
48.2274329662,0.7155000000,0.5446875000,4.8735000000
48.3274364471,0.7156875000,0.5439375000,4.8735000000
48.4274394512,0.7156875000,0.5431875000,4.8735000000
48.5274894238,0.7158750000,0.5437500000,4.8735000000
48.6274855137,0.7155000000,0.5445000000,4.8733125000
48.7274413109,0.7155000000,0.5433750000,4.8735000000
48.8274903297,0.7156875000,0.5441250000,4.8735000000
48.9274451733,0.7155000000,0.5441250000,4.8735000000
49.0274493694,0.7156875000,0.5441250000,4.8735000000
49.1276490688,0.7156875000,0.5439375000,4.8735000000
49.2274677753,0.7155000000,0.5443125000,4.8735000000
49.3275094032,0.7155000000,0.5439375000,4.8735000000
49.4276850224,0.7155000000,0.5437500000,4.8735000000
49.5274505615,0.7155000000,0.5443125000,4.8735000000
49.6275594234,0.7155000000,0.5445000000,4.8735000000
49.7275342941,0.7155000000,0.5439375000,4.8735000000
49.8275334835,0.7156875000,0.5437500000,4.8736875000
49.9282078743,0.7156875000,0.5435625000,4.8735000000
50.0275154114,0.7155000000,0.5443125000,4.8735000000
50.1276204586,0.7158750000,0.5439375000,4.8736875000
50.2274339199,0.7155000000,0.5439375000,4.8735000000
50.3275196552,0.7155000000,0.5445000000,4.8735000000
50.4274501801,0.7156875000,0.5443125000,4.8735000000
50.5274894238,0.7155000000,0.5437500000,4.8720000000
50.6276085377,0.7155000000,0.5439375000,4.8733125000
50.7275969982,0.7156875000,0.5441250000,4.8735000000
50.8275151253,0.7155000000,0.5439375000,4.8735000000
50.9275107384,0.7160625000,0.5443125000,4.8735000000
51.0274605751,0.7155000000,0.5441250000,4.8735000000
51.1276206970,0.7156875000,0.5446875000,4.8735000000
51.2274394035,0.7155000000,0.5441250000,4.8733125000
51.3274278641,0.7155000000,0.5439375000,4.8735000000
51.4274330139,0.7155000000,0.5441250000,4.8735000000
51.5274875164,0.7155000000,0.5439375000,4.8735000000
51.6274671555,0.7155000000,0.5443125000,4.8735000000
51.7274332047,0.7153125000,0.5433750000,4.8733125000
51.8274302483,0.7155000000,0.5441250000,4.8735000000
51.9274380207,0.7155000000,0.5443125000,4.8733125000
52.0279819965,0.7155000000,0.5431875000,4.8733125000
52.1276340485,0.7153125000,0.5437500000,4.8735000000
52.2274506092,0.7155000000,0.5445000000,4.8735000000
52.3274528980,0.7155000000,0.5435625000,4.8735000000
52.4274334908,0.7155000000,0.5437500000,4.8735000000
52.5274293423,0.7155000000,0.5443125000,4.8736875000
52.6274399757,0.7156875000,0.5443125000,4.8735000000
52.7275240421,0.7156875000,0.5431875000,4.8735000000
52.8277268410,0.7156875000,0.5439375000,4.8735000000
52.9275531769,0.7155000000,0.5435625000,4.8735000000
53.0274245739,0.7156875000,0.5443125000,4.8735000000
53.1275990009,0.7155000000,0.5439375000,4.8731250000
53.2274167538,0.7155000000,0.5441250000,4.8733125000
53.3293983936,0.7155000000,0.5433750000,4.8735000000
53.4275567532,0.7153125000,0.5439375000,4.8733125000
53.5274779797,0.7155000000,0.5443125000,4.8735000000
53.6276221275,0.7155000000,0.5437500000,4.8735000000
53.7274515629,0.7153125000,0.5439375000,4.8733125000
53.8274247646,0.7155000000,0.5441250000,4.8733125000
53.9274864197,0.7155000000,0.5441250000,4.8735000000
54.0274183750,0.7151250000,0.5439375000,4.8735000000
54.1276011467,0.7155000000,0.5439375000,4.8735000000
54.2274158001,0.7155000000,0.5443125000,4.8735000000
54.3274178505,0.7155000000,0.5439375000,4.8735000000
54.4274585247,0.7153125000,0.5443125000,4.8735000000
54.5274646282,0.7155000000,0.5446875000,4.8735000000
54.6285402775,0.7153125000,0.5441250000,4.8735000000
54.7276093960,0.7155000000,0.5435625000,4.8735000000
54.8275105953,0.7155000000,0.5443125000,4.8735000000
54.9274308681,0.7155000000,0.5443125000,4.8733125000
55.0274102688,0.7155000000,0.5431875000,4.8735000000
55.1276366711,0.7155000000,0.5439375000,4.8735000000
55.2274372578,0.7153125000,0.5443125000,4.8733125000
55.3274149895,0.7158750000,0.5431875000,4.8735000000
55.4274284840,0.7155000000,0.5437500000,4.8733125000
55.5274245739,0.7156875000,0.5441250000,4.8735000000
55.6274206638,0.7155000000,0.5443125000,4.8735000000
55.7274973392,0.7155000000,0.5443125000,4.8736875000
55.8274385929,0.7156875000,0.5443125000,4.8735000000
55.9274189472,0.7155000000,0.5435625000,4.8735000000
56.0276839733,0.7155000000,0.5443125000,4.8735000000
56.1275815964,0.7155000000,0.5441250000,4.8735000000
56.2274343967,0.7149375000,0.5443125000,4.8720000000
56.3274540901,0.7155000000,0.5437500000,4.8735000000
56.4274132252,0.7156875000,0.5437500000,4.8735000000
56.5274806023,0.7153125000,0.5437500000,4.8733125000
56.6276233196,0.7153125000,0.5441250000,4.8735000000
56.7274479866,0.7155000000,0.5441250000,4.8735000000
56.8274552822,0.7156875000,0.5439375000,4.8733125000
56.9274659157,0.7153125000,0.5441250000,4.8733125000
57.0274484158,0.7155000000,0.5441250000,4.8735000000
57.1275985241,0.7156875000,0.5437500000,4.8735000000
57.2274096012,0.7155000000,0.5435625000,4.8733125000
57.3276345730,0.7155000000,0.5439375000,4.8735000000
57.4274654388,0.7155000000,0.5439375000,4.8735000000
57.5275027752,0.7158750000,0.5435625000,4.8733125000
57.6274275780,0.7156875000,0.5441250000,4.8735000000
57.7274482250,0.7155000000,0.5439375000,4.8735000000
57.8276135921,0.7155000000,0.5437500000,4.8735000000
57.9275541306,0.7155000000,0.5441250000,4.8733125000
58.0274190903,0.7155000000,0.5443125000,4.8735000000
58.1276652813,0.7155000000,0.5441250000,4.8735000000
58.2274312973,0.7155000000,0.5441250000,4.8735000000
58.3274309635,0.7156875000,0.5443125000,4.8735000000
58.4275751114,0.7156875000,0.5439375000,4.8735000000
58.5274939537,0.7155000000,0.5435625000,4.8735000000
58.6286351681,0.7156875000,0.5439375000,4.8735000000
58.7274549007,0.7155000000,0.5430000000,4.8733125000
58.8275201321,0.7155000000,0.5439375000,4.8735000000
58.9274442196,0.7158750000,0.5443125000,4.8735000000
59.0274245739,0.7156875000,0.5443125000,4.8735000000
59.1275982857,0.7156875000,0.5437500000,4.8733125000
59.2274076939,0.7153125000,0.5439375000,4.8735000000
59.3274993896,0.7155000000,0.5441250000,4.8735000000
59.4274110794,0.7156875000,0.5439375000,4.8735000000
59.5274960995,0.7156875000,0.5441250000,4.8735000000
59.6276326180,0.7153125000,0.5433750000,4.8735000000
59.7274305820,0.7153125000,0.5443125000,4.8735000000
59.8274829388,0.7156875000,0.5441250000,4.8735000000
59.9292063713,0.7155000000,0.5439375000,4.8733125000
60.0275981426,0.7155000000,0.5437500000,4.8733125000
60.1276021004,0.7156875000,0.5439375000,4.8733125000
60.2274127007,0.7155000000,0.5437500000,4.8733125000
60.3274333477,0.7155000000,0.5437500000,4.8735000000
60.4274208546,0.7153125000,0.5439375000,4.8735000000
60.5274453163,0.7155000000,0.5433750000,4.8735000000
60.6274490356,0.7156875000,0.5445000000,4.8735000000
60.7274034023,0.7153125000,0.5441250000,4.8738750000
60.8274364471,0.7156875000,0.5439375000,4.8735000000
60.9274148941,0.7155000000,0.5439375000,4.8736875000
61.0274429321,0.7156875000,0.5441250000,4.8735000000
61.1276230812,0.7155000000,0.5441250000,4.8735000000
61.2278492451,0.7156875000,0.5443125000,4.8735000000
61.3276069164,0.7155000000,0.5441250000,4.8736875000
61.4275007248,0.7156875000,0.5439375000,4.8718125000
61.5274498463,0.7156875000,0.5439375000,4.8733125000
61.6274719238,0.7156875000,0.5439375000,4.8735000000
61.7275815010,0.7156875000,0.5433750000,4.8735000000
61.8274586201,0.7155000000,0.5443125000,4.8735000000
61.9274857044,0.7155000000,0.5443125000,4.8735000000
62.0274589062,0.7155000000,0.5435625000,4.8735000000
62.1275994778,0.7156875000,0.5437500000,4.8733125000
62.2274444103,0.7156875000,0.5437500000,4.8735000000
62.3274760246,0.7156875000,0.5439375000,4.8733125000
62.4274976254,0.7156875000,0.5433750000,4.8735000000
62.5274829865,0.7155000000,0.5441250000,4.8733125000
62.6275985241,0.7156875000,0.5437500000,4.8735000000
62.7274672985,0.7156875000,0.5441250000,4.8735000000
62.8285036087,0.7156875000,0.5441250000,4.8733125000
62.9275856018,0.7156875000,0.5443125000,4.8735000000
63.0276539326,0.7156875000,0.5445000000,4.8735000000
63.1276288033,0.7156875000,0.5439375000,4.8735000000
63.2274625301,0.7156875000,0.5435625000,4.8735000000
63.3274643421,0.7158750000,0.5437500000,4.8733125000
63.4274604321,0.7156875000,0.5439375000,4.8735000000
63.5275375843,0.7158750000,0.5441250000,4.8735000000
63.6274533272,0.7158750000,0.5446875000,4.8735000000
63.7274665833,0.7158750000,0.5439375000,4.8735000000
63.8274593353,0.7156875000,0.5435625000,4.8735000000
63.9276287556,0.7158750000,0.5433750000,4.8735000000
64.0274980068,0.7156875000,0.5443125000,4.8735000000
64.1276953220,0.7158750000,0.5443125000,4.8735000000
64.2274887562,0.7158750000,0.5441250000,4.8731250000
64.3274576664,0.7156875000,0.5433750000,4.8733125000
64.4274158478,0.7158750000,0.5441250000,4.8735000000
64.5274140835,0.7158750000,0.5439375000,4.8733125000
64.6274166107,0.7156875000,0.5439375000,4.8735000000
64.7274844646,0.7158750000,0.5441250000,4.8733125000
64.8274424076,0.7156875000,0.5437500000,4.8735000000
64.9274165630,0.7156875000,0.5441250000,4.8735000000
65.0274207592,0.7160625000,0.5439375000,4.8735000000
65.1276068687,0.7158750000,0.5443125000,4.8735000000
65.2286763191,0.7158750000,0.5443125000,4.8733125000
65.3275001049,0.7156875000,0.5441250000,4.8735000000
65.4274330139,0.7155000000,0.5445000000,4.8735000000
65.5274548531,0.7158750000,0.5443125000,4.8735000000
65.6276214123,0.7158750000,0.5439375000,4.8735000000
65.7274389267,0.7160625000,0.5445000000,4.8736875000
65.8274564743,0.7158750000,0.5443125000,4.8733125000
65.9274675846,0.7160625000,0.5437500000,4.8735000000
66.0274503231,0.7158750000,0.5445000000,4.8733125000
66.1276042461,0.7156875000,0.5441250000,4.8735000000
66.2274434566,0.7160625000,0.5446875000,4.8735000000
66.3274259567,0.7158750000,0.5443125000,4.8735000000
66.4274263382,0.7160625000,0.5445000000,4.8735000000
66.5287966728,0.7158750000,0.5441250000,4.8735000000
66.6276075840,0.7158750000,0.5441250000,4.8735000000
66.7274327278,0.7158750000,0.5443125000,4.8735000000
66.8274886608,0.7158750000,0.5441250000,4.8735000000
66.9274165630,0.7160625000,0.5435625000,4.8735000000
67.0274178982,0.7153125000,0.5445000000,4.8720000000
67.1276459694,0.7162500000,0.5445000000,4.8733125000
67.2274656296,0.7158750000,0.5441250000,4.8733125000
67.3274445534,0.7162500000,0.5443125000,4.8733125000
67.4274468422,0.7158750000,0.5441250000,4.8735000000
67.5275292397,0.7160625000,0.5443125000,4.8733125000
67.6274228096,0.7160625000,0.5445000000,4.8733125000
67.7274529934,0.7160625000,0.5437500000,4.8733125000
67.8277099133,0.7160625000,0.5439375000,4.8733125000
67.9276001453,0.7162500000,0.5443125000,4.8735000000
68.0274703503,0.7158750000,0.5443125000,4.8735000000
68.1276421547,0.7160625000,0.5435625000,4.8733125000
68.2274508476,0.7158750000,0.5441250000,4.8735000000
68.3275053501,0.7158750000,0.5441250000,4.8735000000
68.4274621010,0.7158750000,0.5445000000,4.8733125000
68.5274629593,0.7160625000,0.5437500000,4.8733125000
68.6276111603,0.7160625000,0.5448750000,4.8735000000
68.7274534702,0.7162500000,0.5445000000,4.8735000000
68.8274264336,0.7162500000,0.5445000000,4.8733125000
68.9274361134,0.7162500000,0.5443125000,4.8733125000
69.0274522305,0.7162500000,0.5446875000,4.8733125000
69.1275980473,0.7160625000,0.5448750000,4.8735000000
69.2275972366,0.7162500000,0.5446875000,4.8735000000
69.3274781704,0.7160625000,0.5445000000,4.8735000000
69.4274926186,0.7160625000,0.5439375000,4.8735000000
69.5274777412,0.7162500000,0.5445000000,4.8735000000
69.6274294853,0.7162500000,0.5443125000,4.8735000000
69.7274553776,0.7162500000,0.5443125000,4.8735000000
69.8274886608,0.7162500000,0.5443125000,4.8735000000
69.9274208546,0.7160625000,0.5441250000,4.8733125000
70.0274164677,0.7162500000,0.5443125000,4.8733125000
70.1276412010,0.7160625000,0.5443125000,4.8733125000
70.2274773121,0.7164375000,0.5443125000,4.8735000000
70.3274369240,0.7162500000,0.5439375000,4.8735000000
70.4274740219,0.7160625000,0.5445000000,4.8735000000
70.5276186466,0.7162500000,0.5445000000,4.8733125000
70.6274311543,0.7162500000,0.5439375000,4.8733125000
70.7274417877,0.7162500000,0.5441250000,4.8735000000
70.8275218010,0.7162500000,0.5443125000,4.8735000000
70.9274284840,0.7164375000,0.5437500000,4.8735000000
71.0274138451,0.7164375000,0.5441250000,4.8735000000
71.1276009083,0.7162500000,0.5445000000,4.8735000000
71.2274270058,0.7162500000,0.5443125000,4.8735000000
71.3274598122,0.7162500000,0.5443125000,4.8735000000
71.4274578094,0.7164375000,0.5439375000,4.8733125000
71.5274767876,0.7164375000,0.5445000000,4.8733125000
71.6276204586,0.7162500000,0.5446875000,4.8735000000
71.7274427414,0.7162500000,0.5441250000,4.8736875000
71.8288674355,0.7164375000,0.5439375000,4.8735000000
71.9274942875,0.7164375000,0.5439375000,4.8735000000
72.0274422169,0.7164375000,0.5439375000,4.8735000000
72.1276066303,0.7164375000,0.5443125000,4.8735000000
72.2274172306,0.7164375000,0.5441250000,4.8735000000
72.3274667263,0.7164375000,0.5439375000,4.8735000000
72.4274563789,0.7166250000,0.5448750000,4.8712500000
72.5274872780,0.7164375000,0.5439375000,4.8733125000
72.6274604797,0.7166250000,0.5441250000,4.8733125000
72.7274105549,0.7166250000,0.5439375000,4.8735000000
72.8275017738,0.7164375000,0.5445000000,4.8735000000
72.9276015759,0.7164375000,0.5439375000,4.8735000000
73.0274732113,0.7166250000,0.5441250000,4.8733125000
73.1286833286,0.7164375000,0.5443125000,4.8735000000
73.2275912762,0.7166250000,0.5443125000,4.8735000000
73.3274481297,0.7168125000,0.5443125000,4.8733125000
73.4275956154,0.7166250000,0.5435625000,4.8735000000
73.5275201797,0.7168125000,0.5441250000,4.8735000000
73.6274535656,0.7166250000,0.5435625000,4.8735000000
73.7274603844,0.7166250000,0.5445000000,4.8735000000
73.8274123669,0.7168125000,0.5441250000,4.8733125000
73.9274249077,0.7168125000,0.5445000000,4.8733125000
74.0274255276,0.7166250000,0.5441250000,4.8735000000
74.1276133060,0.7168125000,0.5439375000,4.8735000000
74.2274637222,0.7168125000,0.5445000000,4.8735000000
74.3274955750,0.7166250000,0.5445000000,4.8733125000
74.4278881550,0.7164375000,0.5446875000,4.8736875000
74.5276534557,0.7168125000,0.5443125000,4.8735000000
74.6276364326,0.7168125000,0.5441250000,4.8735000000
74.7274804115,0.7168125000,0.5443125000,4.8735000000
74.8275294304,0.7168125000,0.5437500000,4.8735000000
74.9274916649,0.7168125000,0.5441250000,4.8735000000
75.0274860859,0.7168125000,0.5441250000,4.8735000000
75.1276178360,0.7170000000,0.5439375000,4.8718125000
75.2275052071,0.7168125000,0.5445000000,4.8733125000
75.3274648190,0.7168125000,0.5439375000,4.8733125000
75.4274785519,0.7170000000,0.5441250000,4.8733125000
75.5277056694,0.7170000000,0.5439375000,4.8735000000
75.6275932789,0.7168125000,0.5439375000,4.8735000000
75.7283015251,0.7168125000,0.5439375000,4.8735000000
75.8276057243,0.7170000000,0.5441250000,4.8735000000
75.9274661541,0.7170000000,0.5443125000,4.8735000000
76.0275015831,0.7168125000,0.5437500000,4.8735000000
76.1276679039,0.7168125000,0.5443125000,4.8735000000
76.2274975777,0.7171875000,0.5441250000,4.8735000000
76.3274631500,0.7168125000,0.5439375000,4.8735000000
76.4274828434,0.7170000000,0.5437500000,4.8735000000
76.5274686813,0.7170000000,0.5437500000,4.8735000000
76.6274898052,0.7170000000,0.5441250000,4.8735000000
76.7275037766,0.7170000000,0.5441250000,4.8735000000
76.8274805546,0.7168125000,0.5441250000,4.8735000000
76.9274539948,0.7168125000,0.5439375000,4.8735000000
77.0274658203,0.7170000000,0.5441250000,4.8733125000
77.1277570724,0.7170000000,0.5443125000,4.8735000000
77.2274513245,0.7170000000,0.5441250000,4.8735000000
77.3274903297,0.7171875000,0.5439375000,4.8736875000
77.4274134636,0.7171875000,0.5441250000,4.8735000000
77.5275735855,0.7171875000,0.5433750000,4.8735000000
77.6276605129,0.7173750000,0.5443125000,4.8735000000
77.7274529934,0.7171875000,0.5441250000,4.8735000000
77.8274710178,0.7173750000,0.5445000000,4.8735000000
77.9276013374,0.7175625000,0.5443125000,4.8733125000
78.0274701118,0.7170000000,0.5443125000,4.8735000000
78.1275959015,0.7170000000,0.5441250000,4.8735000000
78.2274096012,0.7171875000,0.5443125000,4.8735000000
78.3274555206,0.7171875000,0.5446875000,4.8735000000
78.4289624691,0.7173750000,0.5441250000,4.8735000000
78.5275673866,0.7171875000,0.5439375000,4.8733125000
78.6275868416,0.7170000000,0.5443125000,4.8735000000
78.7275307178,0.7171875000,0.5445000000,4.8735000000
78.8275179863,0.7171875000,0.5441250000,4.8735000000
78.9273948669,0.7173750000,0.5441250000,4.8735000000
79.0274095535,0.7173750000,0.5443125000,4.8733125000
79.1276345253,0.7173750000,0.5443125000,4.8733125000
79.2274448872,0.7175625000,0.5439375000,4.8735000000
79.3276181221,0.7173750000,0.5445000000,4.8735000000
79.4275758266,0.7175625000,0.5441250000,4.8735000000
79.5275847912,0.7175625000,0.5443125000,4.8735000000
79.6276700497,0.7173750000,0.5445000000,4.8736875000
79.7286486626,0.7175625000,0.5443125000,4.8735000000
79.8275890350,0.7175625000,0.5441250000,4.8735000000
79.9274322987,0.7175625000,0.5446875000,4.8735000000
80.0273957253,0.7175625000,0.5443125000,4.8736875000
80.1276440620,0.7175625000,0.5441250000,4.8736875000
80.2274286747,0.7171875000,0.5439375000,4.8729375000
80.3276760578,0.7175625000,0.5441250000,4.8735000000
80.4275484085,0.7173750000,0.5441250000,4.8735000000
80.5275249481,0.7173750000,0.5441250000,4.8735000000
80.6276340485,0.7179375000,0.5439375000,4.8735000000
80.7276268005,0.7175625000,0.5441250000,4.8735000000
80.8275420666,0.7173750000,0.5445000000,4.8735000000
80.9274668694,0.7175625000,0.5448750000,4.8735000000
81.0275142193,0.7175625000,0.5443125000,4.8733125000
81.1276302338,0.7175625000,0.5443125000,4.8733125000
81.2274336815,0.7175625000,0.5441250000,4.8735000000
81.3274240494,0.7175625000,0.5441250000,4.8735000000
81.4274284840,0.7173750000,0.5441250000,4.8735000000
81.5274667740,0.7179375000,0.5439375000,4.8733125000
81.6274363995,0.7177500000,0.5441250000,4.8735000000
81.7274403572,0.7177500000,0.5441250000,4.8735000000
81.8274753094,0.7179375000,0.5439375000,4.8735000000
81.9274387360,0.7175625000,0.5439375000,4.8735000000
82.0274195671,0.7177500000,0.5443125000,4.8733125000
82.1276595592,0.7177500000,0.5441250000,4.8733125000
82.2274556160,0.7177500000,0.5441250000,4.8735000000
82.3274464607,0.7177500000,0.5441250000,4.8738750000
82.4276089668,0.7179375000,0.5441250000,4.8735000000
82.5274620056,0.7179375000,0.5441250000,4.8735000000
82.6274209023,0.7179375000,0.5443125000,4.8736875000
82.7274889946,0.7177500000,0.5441250000,4.8736875000
82.8275768757,0.7179375000,0.5437500000,4.8735000000
82.9276151657,0.7179375000,0.5437500000,4.8735000000
83.0274777412,0.7179375000,0.5441250000,4.8725625000
83.1276175976,0.7179375000,0.5441250000,4.8733125000
83.2273972034,0.7175625000,0.5439375000,4.8733125000
83.3274767399,0.7179375000,0.5439375000,4.8733125000
83.4274241924,0.7181250000,0.5441250000,4.8735000000
83.5274426937,0.7179375000,0.5445000000,4.8735000000
83.6276395321,0.7181250000,0.5446875000,4.8733125000
83.7278611660,0.7181250000,0.5448750000,4.8735000000
83.8274624348,0.7181250000,0.5441250000,4.8735000000
83.9274952412,0.7179375000,0.5443125000,4.8733125000
84.0274546146,0.7179375000,0.5439375000,4.8733125000
84.1275966167,0.7181250000,0.5446875000,4.8735000000
84.2274134159,0.7183125000,0.5441250000,4.8735000000
84.3274474144,0.7181250000,0.5439375000,4.8735000000
84.4274187088,0.7183125000,0.5441250000,4.8735000000
84.5274503231,0.7183125000,0.5439375000,4.8733125000
84.6274693012,0.7179375000,0.5443125000,4.8736875000
84.7274119854,0.7181250000,0.5445000000,4.8733125000
84.8274698257,0.7181250000,0.5443125000,4.8733125000
84.9274604321,0.7183125000,0.5443125000,4.8735000000
85.0289440155,0.7185000000,0.5441250000,4.8735000000
85.1276946068,0.7179375000,0.5445000000,4.8735000000
85.2274580002,0.7183125000,0.5439375000,4.8736875000
85.3274466991,0.7183125000,0.5443125000,4.8735000000
85.4274251461,0.7183125000,0.5439375000,4.8735000000
85.5274021626,0.7183125000,0.5439375000,4.8735000000
85.6274492741,0.7183125000,0.5437500000,4.8735000000
85.7274672985,0.7183125000,0.5441250000,4.8735000000
85.8274502754,0.7185000000,0.5446875000,4.8735000000
85.9274158478,0.7183125000,0.5445000000,4.8733125000
86.0274860859,0.7183125000,0.5443125000,4.8733125000
86.1275978088,0.7185000000,0.5439375000,4.8735000000
86.2274136543,0.7183125000,0.5445000000,4.8735000000
86.3283853531,0.7183125000,0.5439375000,4.8735000000
86.4275910854,0.7185000000,0.5446875000,4.8735000000
86.5274565220,0.7185000000,0.5443125000,4.8733125000
86.6276619434,0.7186875000,0.5446875000,4.8735000000
86.7275767326,0.7186875000,0.5443125000,4.8735000000
86.8276574612,0.7185000000,0.5443125000,4.8735000000
86.9275546074,0.7186875000,0.5445000000,4.8733125000
87.0274877548,0.7186875000,0.5441250000,4.8735000000
87.1276299953,0.7181250000,0.5446875000,4.8735000000
87.2276637554,0.7185000000,0.5441250000,4.8735000000
87.3276326656,0.7185000000,0.5443125000,4.8735000000
87.4275763035,0.7185000000,0.5441250000,4.8735000000
87.5278544426,0.7185000000,0.5439375000,4.8733125000
87.6275899410,0.7186875000,0.5446875000,4.8733125000
87.7275784016,0.7185000000,0.5445000000,4.8735000000
87.8274893761,0.7186875000,0.5446875000,4.8735000000
87.9276199341,0.7186875000,0.5445000000,4.8735000000
88.0274693966,0.7186875000,0.5448750000,4.8735000000
88.1278867722,0.7186875000,0.5441250000,4.8735000000
88.2276346684,0.7188750000,0.5443125000,4.8736875000
88.3274865150,0.7186875000,0.5446875000,4.8735000000
88.4274709225,0.7186875000,0.5446875000,4.8736875000
88.5286662579,0.7188750000,0.5445000000,4.8735000000
88.6277086735,0.7188750000,0.5448750000,4.8735000000
88.7275373936,0.7188750000,0.5439375000,4.8714375000
88.8274738789,0.7188750000,0.5443125000,4.8731250000
88.9275538921,0.7186875000,0.5448750000,4.8735000000
89.0276293755,0.7188750000,0.5441250000,4.8735000000
89.1276431084,0.7188750000,0.5445000000,4.8735000000
89.2274947166,0.7186875000,0.5443125000,4.8735000000
89.3275325298,0.7190625000,0.5446875000,4.8735000000
89.4275217056,0.7190625000,0.5446875000,4.8735000000
89.5275022984,0.7188750000,0.5443125000,4.8735000000
89.6276540756,0.7190625000,0.5439375000,4.8735000000
89.7275040150,0.7190625000,0.5448750000,4.8735000000
89.8275213242,0.7188750000,0.5443125000,4.8735000000
89.9275050163,0.7190625000,0.5448750000,4.8733125000
90.0274620056,0.7190625000,0.5441250000,4.8735000000
90.1276714802,0.7188750000,0.5443125000,4.8735000000
90.2275335789,0.7190625000,0.5443125000,4.8735000000
90.3279585838,0.7190625000,0.5446875000,4.8735000000
90.4274389744,0.7188750000,0.5443125000,4.8735000000
90.5274651051,0.7194375000,0.5443125000,4.8733125000
90.6274387836,0.7194375000,0.5439375000,4.8735000000
90.7274355888,0.7190625000,0.5441250000,4.8735000000
90.8275237083,0.7192500000,0.5445000000,4.8736875000
90.9274580479,0.7192500000,0.5446875000,4.8736875000
91.0274794102,0.7192500000,0.5437500000,4.8735000000
91.1276757717,0.7194375000,0.5441250000,4.8735000000
91.2275669575,0.7192500000,0.5443125000,4.8735000000
91.3274705410,0.7192500000,0.5446875000,4.8735000000
91.4274325371,0.7192500000,0.5446875000,4.8735000000
91.5274422169,0.7186875000,0.5445000000,4.8731250000
91.6294896603,0.7192500000,0.5446875000,4.8735000000
91.7275183201,0.7190625000,0.5443125000,4.8735000000
91.8274586201,0.7190625000,0.5439375000,4.8736875000
91.9274404049,0.7192500000,0.5443125000,4.8735000000
92.0274269581,0.7194375000,0.5446875000,4.8735000000
92.1276102066,0.7192500000,0.5435625000,4.8733125000
92.2274880409,0.7194375000,0.5445000000,4.8733125000
92.3274819851,0.7192500000,0.5445000000,4.8735000000
92.4274423122,0.7196250000,0.5443125000,4.8733125000
92.5274353027,0.7194375000,0.5441250000,4.8735000000
92.6276376247,0.7196250000,0.5445000000,4.8735000000
92.7274875641,0.7192500000,0.5445000000,4.8733125000
92.8276188374,0.7196250000,0.5445000000,4.8735000000
92.9286994934,0.7200000000,0.5441250000,4.8735000000
93.0276505947,0.7194375000,0.5443125000,4.8735000000
93.1276161671,0.7196250000,0.5446875000,4.8735000000
93.2274498940,0.7196250000,0.5443125000,4.8733125000
93.3274693489,0.7194375000,0.5445000000,4.8735000000
93.4274218082,0.7194375000,0.5441250000,4.8738750000
93.5274391174,0.7196250000,0.5445000000,4.8735000000
93.6276133060,0.7196250000,0.5446875000,4.8736875000
93.7274513245,0.7196250000,0.5446875000,4.8736875000
93.8274221420,0.7196250000,0.5446875000,4.8736875000
93.9274544716,0.7196250000,0.5445000000,4.8735000000
94.0274214745,0.7196250000,0.5446875000,4.8736875000
94.1276924610,0.7198125000,0.5446875000,4.8735000000
94.2274935246,0.7196250000,0.5441250000,4.8733125000
94.3276197910,0.7196250000,0.5443125000,4.8735000000
94.4274733067,0.7198125000,0.5448750000,4.8735000000
94.5274691582,0.7196250000,0.5441250000,4.8735000000
94.6274266243,0.7198125000,0.5446875000,4.8735000000
94.7274398804,0.7200000000,0.5437500000,4.8735000000
94.8274939060,0.7198125000,0.5439375000,4.8735000000
94.9274427891,0.7200000000,0.5443125000,4.8735000000
95.0274932384,0.7198125000,0.5441250000,4.8735000000
95.1275990009,0.7198125000,0.5439375000,4.8735000000
95.2274641991,0.7200000000,0.5441250000,4.8735000000
95.3274886608,0.7200000000,0.5445000000,4.8735000000
95.4274680614,0.7198125000,0.5437500000,4.8735000000
95.5274302959,0.7198125000,0.5441250000,4.8733125000
95.6276450157,0.7200000000,0.5437500000,4.8735000000
95.7274975777,0.7201875000,0.5431875000,4.8735000000
95.8274700642,0.7198125000,0.5435625000,4.8733125000
95.9274723530,0.7200000000,0.5437500000,4.8735000000
96.0274827480,0.7200000000,0.5441250000,4.8735000000
96.1276345253,0.7201875000,0.5439375000,4.8736875000
96.2274334431,0.7201875000,0.5439375000,4.8735000000
96.3274700642,0.7201875000,0.5439375000,4.8735000000
96.4275469780,0.7200000000,0.5433750000,4.8735000000
96.5274736881,0.7201875000,0.5445000000,4.8736875000
96.6275019646,0.7201875000,0.5443125000,4.8735000000
96.7274250984,0.7201875000,0.5443125000,4.8735000000
96.8274791241,0.7203750000,0.5439375000,4.8720000000
96.9285633564,0.7200000000,0.5439375000,4.8733125000
97.0274753571,0.7203750000,0.5437500000,4.8735000000
97.1277146339,0.7203750000,0.5439375000,4.8735000000
97.2274727821,0.7203750000,0.5443125000,4.8733125000
97.3274941444,0.7203750000,0.5439375000,4.8735000000
97.4274859428,0.7203750000,0.5439375000,4.8733125000
97.5275475979,0.7203750000,0.5443125000,4.8735000000
97.6274883747,0.7203750000,0.5441250000,4.8733125000
97.7274334431,0.7203750000,0.5439375000,4.8735000000
97.8276059628,0.7201875000,0.5439375000,4.8735000000
97.9276337624,0.7203750000,0.5431875000,4.8735000000
98.0274534225,0.7207500000,0.5441250000,4.8735000000
98.1276354790,0.7205625000,0.5443125000,4.8735000000
98.2287800312,0.7203750000,0.5439375000,4.8733125000
98.3276040554,0.7205625000,0.5437500000,4.8735000000
98.4276657104,0.7205625000,0.5439375000,4.8735000000
98.5275199413,0.7203750000,0.5441250000,4.8735000000
98.6276555061,0.7205625000,0.5439375000,4.8733125000
98.7274489403,0.7205625000,0.5437500000,4.8736875000
98.8275201321,0.7205625000,0.5443125000,4.8735000000
98.9274919033,0.7205625000,0.5437500000,4.8736875000
99.0274617672,0.7207500000,0.5439375000,4.8735000000
99.1276478767,0.7207500000,0.5439375000,4.8736875000
99.2274372578,0.7205625000,0.5437500000,4.8735000000
99.3274786472,0.7205625000,0.5433750000,4.8735000000
99.4274492264,0.7207500000,0.5431875000,4.8733125000
99.5277779102,0.7207500000,0.5439375000,4.8735000000
99.6275918484,0.7205625000,0.5437500000,4.8735000000
99.7274739742,0.7209375000,0.5433750000,4.8735000000
99.8275144100,0.7207500000,0.5435625000,4.8735000000
99.9275243282,0.7209375000,0.5433750000,4.8735000000
100.0275092125,0.7207500000,0.5431875000,4.8735000000
100.1276843548,0.7209375000,0.5437500000,4.8735000000
100.2275202274,0.7209375000,0.5439375000,4.8735000000
100.3274593353,0.7211250000,0.5435625000,4.8733125000
100.4275536537,0.7207500000,0.5431875000,4.8735000000
100.5274863243,0.7209375000,0.5439375000,4.8735000000
100.6275227070,0.7207500000,0.5441250000,4.8735000000
100.7274756432,0.7207500000,0.5431875000,4.8735000000
100.8275091648,0.7209375000,0.5437500000,4.8735000000
100.9276089668,0.7209375000,0.5435625000,4.8733125000
101.0275077820,0.7209375000,0.5441250000,4.8735000000
101.1276199818,0.7209375000,0.5430000000,4.8735000000
101.2275154591,0.7209375000,0.5433750000,4.8735000000
101.3274631500,0.7211250000,0.5433750000,4.8735000000
101.4283587933,0.7209375000,0.5433750000,4.8735000000
101.5274910927,0.7211250000,0.5431875000,4.8736875000
101.6277124882,0.7211250000,0.5435625000,4.8736875000
101.7275261879,0.7209375000,0.5435625000,4.8735000000
101.8275072575,0.7211250000,0.5433750000,4.8736875000
101.9274938107,0.7211250000,0.5431875000,4.8735000000
102.0350387096,0.7203750000,0.5435625000,4.8727500000
102.1276643276,0.7211250000,0.5430000000,4.8735000000
102.2282552719,0.7215000000,0.5435625000,4.8735000000
102.3274934292,0.7211250000,0.5435625000,4.8735000000
102.4274780750,0.7211250000,0.5431875000,4.8735000000
102.5274984837,0.7211250000,0.5430000000,4.8735000000
102.6274852753,0.7211250000,0.5431875000,4.8735000000
102.7274639606,0.7213125000,0.5433750000,4.8735000000
102.8275513649,0.7211250000,0.5426250000,4.8735000000
102.9276230335,0.7211250000,0.5435625000,4.8736875000
103.0274348259,0.7209375000,0.5420625000,4.8735000000
103.1276838779,0.7211250000,0.5422500000,4.8735000000
103.2274763584,0.7209375000,0.5433750000,4.8735000000
103.3274414539,0.7215000000,0.5428125000,4.8735000000
103.4274346828,0.7213125000,0.5431875000,4.8735000000
103.5289843082,0.7215000000,0.5431875000,4.8735000000
103.6276118755,0.7215000000,0.5430000000,4.8735000000
103.7274577618,0.7213125000,0.5430000000,4.8735000000
103.8274772167,0.7213125000,0.5435625000,4.8735000000
103.9274189472,0.7216875000,0.5424375000,4.8735000000
104.0274446011,0.7213125000,0.5431875000,4.8735000000
104.1276004314,0.7215000000,0.5422500000,4.8735000000
104.2274887562,0.7215000000,0.5433750000,4.8735000000
104.3274662495,0.7215000000,0.5426250000,4.8736875000
104.4276502132,0.7216875000,0.5428125000,4.8736875000
104.5276243687,0.7216875000,0.5426250000,4.8736875000
104.6276443005,0.7215000000,0.5430000000,4.8736875000
104.7274930477,0.7216875000,0.5430000000,4.8735000000
104.8277390003,0.7216875000,0.5426250000,4.8733125000
104.9276156425,0.7215000000,0.5428125000,4.8733125000
105.0274505615,0.7215000000,0.5426250000,4.8735000000
105.1275944710,0.7216875000,0.5430000000,4.8733125000
105.2274312973,0.7215000000,0.5426250000,4.8735000000
105.3274362087,0.7216875000,0.5430000000,4.8735000000
105.4273982048,0.7215000000,0.5430000000,4.8735000000
105.5274224281,0.7218750000,0.5430000000,4.8733125000
105.6274960041,0.7220625000,0.5430000000,4.8735000000
105.7274723053,0.7216875000,0.5431875000,4.8735000000
105.8274660110,0.7216875000,0.5426250000,4.8735000000
105.9274110794,0.7222500000,0.5430000000,4.8735000000
106.0274262428,0.7218750000,0.5430000000,4.8735000000
106.1276767254,0.7218750000,0.5430000000,4.8735000000
106.2276146412,0.7218750000,0.5426250000,4.8735000000
106.3274312019,0.7216875000,0.5431875000,4.8733125000
106.4274444580,0.7218750000,0.5420625000,4.8735000000
106.5274040699,0.7220625000,0.5418750000,4.8735000000
106.6275918484,0.7216875000,0.5426250000,4.8736875000
106.7274169922,0.7220625000,0.5426250000,4.8736875000
106.8275299072,0.7220625000,0.5431875000,4.8735000000
106.9274363518,0.7220625000,0.5418750000,4.8735000000
107.0274195671,0.7222500000,0.5430000000,4.8736875000
107.1276462078,0.7220625000,0.5422500000,4.8736875000
107.2274131775,0.7222500000,0.5430000000,4.8736875000
107.3274168968,0.7220625000,0.5428125000,4.8718125000
107.4274644852,0.7220625000,0.5426250000,4.8733125000
107.5276052952,0.7220625000,0.5426250000,4.8735000000
107.6276497841,0.7222500000,0.5428125000,4.8735000000
107.7274689674,0.7220625000,0.5435625000,4.8735000000
107.8275003433,0.7224375000,0.5435625000,4.8735000000
107.9276025295,0.7220625000,0.5422500000,4.8735000000
108.0274629593,0.7220625000,0.5430000000,4.8733125000
108.1276013851,0.7220625000,0.5430000000,4.8735000000
108.2274551392,0.7226250000,0.5431875000,4.8735000000
108.3274128437,0.7222500000,0.5431875000,4.8735000000
108.4274561405,0.7222500000,0.5433750000,4.8735000000
108.5274136066,0.7224375000,0.5431875000,4.8735000000
108.6274647713,0.7222500000,0.5426250000,4.8735000000
108.7274410725,0.7222500000,0.5430000000,4.8735000000
108.8286433220,0.7220625000,0.5431875000,4.8735000000
108.9274766445,0.7222500000,0.5431875000,4.8735000000
109.0274419785,0.7224375000,0.5435625000,4.8735000000
109.1276659966,0.7226250000,0.5431875000,4.8735000000
109.2275288105,0.7226250000,0.5426250000,4.8736875000
109.3274390697,0.7226250000,0.5428125000,4.8735000000
109.4274158478,0.7226250000,0.5433750000,4.8736875000
109.5274479389,0.7224375000,0.5435625000,4.8735000000
109.6274330616,0.7226250000,0.5430000000,4.8735000000
109.7274506092,0.7226250000,0.5424375000,4.8736875000
109.8275177479,0.7226250000,0.5428125000,4.8735000000
109.9274983406,0.7224375000,0.5435625000,4.8731250000
110.0274457932,0.7226250000,0.5433750000,4.8735000000
110.1289105415,0.7226250000,0.5428125000,4.8735000000
110.2275972366,0.7226250000,0.5430000000,4.8735000000
110.3274376392,0.7228125000,0.5431875000,4.8733125000
110.4274492264,0.7228125000,0.5431875000,4.8735000000
110.5274209976,0.7226250000,0.5430000000,4.8735000000
110.6276383400,0.7230000000,0.5439375000,4.8735000000
110.7274475098,0.7230000000,0.5426250000,4.8735000000
110.8275082111,0.7226250000,0.5426250000,4.8733125000
110.9274685383,0.7228125000,0.5431875000,4.8735000000
111.0274806023,0.7231875000,0.5431875000,4.8735000000
111.1275830269,0.7228125000,0.5426250000,4.8733125000
111.2274234295,0.7231875000,0.5428125000,4.8735000000
111.3274462223,0.7228125000,0.5431875000,4.8735000000
111.4277088642,0.7230000000,0.5431875000,4.8735000000
111.5275833607,0.7230000000,0.5431875000,4.8733125000
111.6274580956,0.7226250000,0.5430000000,4.8735000000
111.7274317741,0.7230000000,0.5439375000,4.8735000000
111.8274519444,0.7230000000,0.5433750000,4.8735000000
111.9274077415,0.7230000000,0.5435625000,4.8735000000
112.0275590420,0.7230000000,0.5435625000,4.8735000000
112.1279649734,0.7231875000,0.5428125000,4.8735000000
112.2275490761,0.7231875000,0.5431875000,4.8735000000
112.3274555206,0.7231875000,0.5430000000,4.8735000000
112.4274201393,0.7231875000,0.5428125000,4.8736875000
112.5274143219,0.7231875000,0.5426250000,4.8735000000
112.6275057793,0.7231875000,0.5435625000,4.8735000000
112.7275056839,0.7228125000,0.5439375000,4.8733125000
112.8276309967,0.7231875000,0.5424375000,4.8735000000
112.9276239872,0.7231875000,0.5430000000,4.8735000000
113.0274879932,0.7233750000,0.5428125000,4.8735000000
113.1276419163,0.7230000000,0.5431875000,4.8735000000
113.2275047302,0.7228125000,0.5428125000,4.8735000000
113.3274564743,0.7231875000,0.5430000000,4.8735000000
113.4275305271,0.7231875000,0.5430000000,4.8735000000
113.5274622440,0.7231875000,0.5435625000,4.8735000000
113.6276748180,0.7233750000,0.5433750000,4.8735000000
113.7274808884,0.7231875000,0.5426250000,4.8735000000
113.8274786472,0.7231875000,0.5435625000,4.8735000000
113.9275035858,0.7231875000,0.5431875000,4.8735000000
114.0275180340,0.7230000000,0.5426250000,4.8735000000
114.1280007362,0.7235625000,0.5418750000,4.8735000000
114.2274913788,0.7233750000,0.5424375000,4.8735000000
114.3282942772,0.7235625000,0.5422500000,4.8735000000
114.4274940491,0.7231875000,0.5430000000,4.8735000000
114.5274496078,0.7231875000,0.5430000000,4.8733125000
114.6274926662,0.7235625000,0.5430000000,4.8735000000
114.7274680138,0.7235625000,0.5431875000,4.8736875000
114.8275537491,0.7235625000,0.5424375000,4.8736875000
114.9274623394,0.7235625000,0.5430000000,4.8735000000
115.0274629593,0.7235625000,0.5422500000,4.8735000000
115.1276843548,0.7237500000,0.5422500000,4.8736875000
115.2274923325,0.7237500000,0.5428125000,4.8736875000
115.3274576664,0.7235625000,0.5426250000,4.8736875000
115.4290177822,0.7228125000,0.5430000000,4.8725625000
115.5275075436,0.7235625000,0.5428125000,4.8733125000
115.6274361610,0.7235625000,0.5428125000,4.8733125000
115.7274348736,0.7237500000,0.5426250000,4.8736875000
115.8274598122,0.7235625000,0.5424375000,4.8733125000
115.9274353981,0.7237500000,0.5426250000,4.8735000000
116.0274393559,0.7237500000,0.5420625000,4.8735000000
116.1276469231,0.7237500000,0.5428125000,4.8735000000
116.2274568081,0.7237500000,0.5428125000,4.8733125000
116.3274302483,0.7237500000,0.5430000000,4.8733125000
116.4274520874,0.7237500000,0.5424375000,4.8735000000
116.5274248123,0.7239375000,0.5420625000,4.8735000000
116.6276602745,0.7237500000,0.5428125000,4.8735000000
116.7281222343,0.7239375000,0.5424375000,4.8735000000
116.8275938034,0.7239375000,0.5426250000,4.8733125000
116.9274294376,0.7239375000,0.5428125000,4.8735000000
117.0274915695,0.7237500000,0.5422500000,4.8735000000
117.1276035309,0.7241250000,0.5422500000,4.8735000000
117.2274746895,0.7239375000,0.5424375000,4.8735000000
117.3274354935,0.7243125000,0.5433750000,4.8735000000
117.4274024963,0.7237500000,0.5433750000,4.8733125000
117.5274422169,0.7239375000,0.5435625000,4.8733125000
117.6274926662,0.7241250000,0.5426250000,4.8736875000
117.7274291515,0.7241250000,0.5428125000,4.8735000000
117.8274455070,0.7241250000,0.5430000000,4.8735000000
117.9275939465,0.7241250000,0.5428125000,4.8735000000
118.0275053978,0.7241250000,0.5424375000,4.8735000000
118.1276788712,0.7241250000,0.5426250000,4.8736875000
118.2274968624,0.7241250000,0.5426250000,4.8735000000
118.3274698257,0.7245000000,0.5431875000,4.8721875000
118.4275820255,0.7241250000,0.5428125000,4.8733125000
118.5274682045,0.7243125000,0.5424375000,4.8733125000
118.6274623871,0.7245000000,0.5431875000,4.8733125000
118.7274172306,0.7243125000,0.5431875000,4.8735000000
118.8275308609,0.7245000000,0.5428125000,4.8735000000
118.9274168015,0.7243125000,0.5428125000,4.8735000000
119.0274062157,0.7243125000,0.5431875000,4.8735000000
119.1275992393,0.7245000000,0.5424375000,4.8735000000
119.2274234295,0.7241250000,0.5418750000,4.8733125000
119.3274431229,0.7245000000,0.5422500000,4.8735000000
119.4276270866,0.7241250000,0.5426250000,4.8735000000
119.5274758339,0.7243125000,0.5424375000,4.8735000000
119.6276583672,0.7245000000,0.5431875000,4.8735000000
119.7274549007,0.7245000000,0.5426250000,4.8733125000
119.8275063038,0.7245000000,0.5431875000,4.8733125000
119.9274308681,0.7245000000,0.5431875000,4.8735000000
120.0274391174,0.7245000000,0.5424375000,4.8735000000
120.1276373863,0.7246875000,0.5424375000,4.8733125000
120.2274403572,0.7245000000,0.5435625000,4.8735000000
120.3274836540,0.7245000000,0.5426250000,4.8735000000
120.4274182320,0.7246875000,0.5424375000,4.8736875000
120.5274450779,0.7246875000,0.5424375000,4.8735000000
120.6274504662,0.7245000000,0.5431875000,4.8735000000
120.7285826206,0.7245000000,0.5430000000,4.8735000000
120.8275125027,0.7246875000,0.5426250000,4.8735000000
120.9274575710,0.7245000000,0.5435625000,4.8735000000
121.0274229050,0.7246875000,0.5433750000,4.8733125000
121.1276884079,0.7243125000,0.5430000000,4.8733125000
121.2275121212,0.7245000000,0.5431875000,4.8735000000
121.3274888992,0.7246875000,0.5431875000,4.8733125000
121.4274458885,0.7245000000,0.5422500000,4.8735000000
121.5274326801,0.7245000000,0.5431875000,4.8735000000
121.6274294853,0.7245000000,0.5435625000,4.8735000000
121.7274165154,0.7246875000,0.5433750000,4.8735000000
121.8274517059,0.7248750000,0.5428125000,4.8735000000
121.9273946285,0.7246875000,0.5428125000,4.8735000000
122.0288105011,0.7248750000,0.5428125000,4.8733125000
122.1276102066,0.7248750000,0.5431875000,4.8735000000
122.2274448872,0.7246875000,0.5431875000,4.8733125000
122.3274214268,0.7248750000,0.5428125000,4.8735000000
122.4274981022,0.7248750000,0.5431875000,4.8735000000
122.5274393559,0.7250625000,0.5433750000,4.8735000000
122.6276550293,0.7248750000,0.5430000000,4.8735000000
122.7274451256,0.7246875000,0.5424375000,4.8735000000
122.8275506496,0.7250625000,0.5426250000,4.8733125000
122.9275918007,0.7250625000,0.5424375000,4.8735000000
123.0276668072,0.7250625000,0.5430000000,4.8735000000
123.1276123524,0.7250625000,0.5431875000,4.8735000000
123.2274103165,0.7248750000,0.5426250000,4.8735000000
123.3277077675,0.7250625000,0.5428125000,4.8735000000
123.4275979996,0.7248750000,0.5424375000,4.8735000000
123.5274565220,0.7250625000,0.5422500000,4.8735000000
123.6274776459,0.7250625000,0.5441250000,4.8720000000
123.7274129391,0.7252500000,0.5430000000,4.8733125000
123.8274402618,0.7252500000,0.5426250000,4.8735000000
123.9274096489,0.7250625000,0.5424375000,4.8733125000
124.0274050236,0.7250625000,0.5435625000,4.8735000000
124.1276869774,0.7252500000,0.5433750000,4.8733125000
124.2274730206,0.7250625000,0.5426250000,4.8735000000
124.3274648190,0.7248750000,0.5430000000,4.8735000000
124.4274578094,0.7248750000,0.5428125000,4.8733125000
124.5274550915,0.7254375000,0.5430000000,4.8733125000
124.6274416447,0.7254375000,0.5431875000,4.8735000000
124.7276074886,0.7250625000,0.5430000000,4.8733125000
124.8274931908,0.7252500000,0.5428125000,4.8735000000
124.9274249077,0.7252500000,0.5437500000,4.8735000000
125.0274198055,0.7254375000,0.5435625000,4.8735000000
125.1276078224,0.7254375000,0.5433750000,4.8735000000
125.2274188995,0.7250625000,0.5428125000,4.8735000000
125.3276052475,0.7252500000,0.5426250000,4.8735000000
125.4275429249,0.7254375000,0.5428125000,4.8733125000
125.5274918079,0.7254375000,0.5433750000,4.8733125000
125.6276810169,0.7254375000,0.5424375000,4.8733125000
125.7274808884,0.7252500000,0.5435625000,4.8735000000
125.8275129795,0.7254375000,0.5428125000,4.8735000000
125.9274623394,0.7254375000,0.5431875000,4.8735000000
126.0279753208,0.7254375000,0.5430000000,4.8735000000
126.1276226044,0.7256250000,0.5428125000,4.8736875000
126.2274703979,0.7254375000,0.5422500000,4.8735000000
126.3274831772,0.7256250000,0.5424375000,4.8735000000
126.4274954796,0.7254375000,0.5426250000,4.8731250000
126.5275135040,0.7252500000,0.5433750000,4.8735000000
126.6275348663,0.7254375000,0.5426250000,4.8735000000
126.7274563313,0.7258125000,0.5431875000,4.8735000000
126.8276102543,0.7256250000,0.5430000000,4.8735000000
126.9274773598,0.7258125000,0.5430000000,4.8735000000
127.0274760723,0.7258125000,0.5431875000,4.8735000000
127.1284725666,0.7256250000,0.5431875000,4.8735000000
127.2275874615,0.7256250000,0.5422500000,4.8735000000
127.3289859295,0.7258125000,0.5422500000,4.8735000000
127.4275479317,0.7260000000,0.5433750000,4.8735000000
127.5274620056,0.7254375000,0.5428125000,4.8735000000
127.6275956631,0.7258125000,0.5431875000,4.8735000000
127.7274582386,0.7260000000,0.5428125000,4.8735000000
127.8275117874,0.7258125000,0.5435625000,4.8735000000
127.9275910854,0.7256250000,0.5435625000,4.8735000000
128.0274596214,0.7258125000,0.5424375000,4.8733125000
128.1276321411,0.7260000000,0.5433750000,4.8735000000
128.2274663448,0.7258125000,0.5428125000,4.8735000000
128.3274469376,0.7260000000,0.5426250000,4.8735000000
128.4274985790,0.7258125000,0.5428125000,4.8735000000
128.5274353027,0.7260000000,0.5437500000,4.8735000000
128.6283831596,0.7258125000,0.5430000000,4.8735000000
128.7276005745,0.7258125000,0.5431875000,4.8736875000
128.8274412155,0.7260000000,0.5420625000,4.8735000000
128.9274327755,0.7260000000,0.5433750000,4.8736875000
129.0274484158,0.7258125000,0.5426250000,4.8720000000
129.1276049614,0.7260000000,0.5433750000,4.8733125000
129.2274241447,0.7260000000,0.5430000000,4.8735000000
129.3274264336,0.7260000000,0.5430000000,4.8733125000
129.4274332523,0.7261875000,0.5433750000,4.8733125000
129.5274422169,0.7260000000,0.5422500000,4.8733125000
129.6274731159,0.7260000000,0.5433750000,4.8735000000
129.7274756432,0.7263750000,0.5433750000,4.8735000000
129.8275072575,0.7261875000,0.5426250000,4.8735000000
129.9274222851,0.7261875000,0.5435625000,4.8735000000
130.0275816917,0.7263750000,0.5430000000,4.8735000000
130.1276519299,0.7263750000,0.5435625000,4.8735000000
130.2275230885,0.7258125000,0.5426250000,4.8733125000
130.3274433613,0.7261875000,0.5433750000,4.8735000000
130.4274046421,0.7261875000,0.5424375000,4.8733125000
130.5274844170,0.7260000000,0.5437500000,4.8733125000
130.6274340153,0.7261875000,0.5430000000,4.8735000000
130.7274849415,0.7263750000,0.5426250000,4.8735000000
130.8275258541,0.7261875000,0.5426250000,4.8735000000
130.9274287224,0.7263750000,0.5433750000,4.8735000000
131.0274376869,0.7263750000,0.5422500000,4.8735000000
131.1275861263,0.7265625000,0.5428125000,4.8735000000
131.2274138927,0.7265625000,0.5435625000,4.8735000000
131.3275971413,0.7265625000,0.5428125000,4.8735000000
131.4274704456,0.7263750000,0.5433750000,4.8735000000
131.5274496078,0.7265625000,0.5433750000,4.8735000000
131.6276452541,0.7265625000,0.5431875000,4.8735000000
131.7275013924,0.7263750000,0.5426250000,4.8735000000
131.8274381161,0.7265625000,0.5430000000,4.8735000000
131.9274225235,0.7263750000,0.5428125000,4.8733125000
132.0274629593,0.7263750000,0.5433750000,4.8735000000
132.1276075840,0.7265625000,0.5430000000,4.8733125000
132.2274291515,0.7265625000,0.5426250000,4.8735000000
132.3274297714,0.7265625000,0.5428125000,4.8735000000
132.4274368286,0.7263750000,0.5431875000,4.8735000000
132.5274302959,0.7263750000,0.5433750000,4.8735000000
132.6279933453,0.7267500000,0.5430000000,4.8733125000
132.7274343967,0.7267500000,0.5418750000,4.8735000000
132.8275382519,0.7265625000,0.5430000000,4.8735000000
132.9275877476,0.7265625000,0.5424375000,4.8733125000
133.0274481773,0.7265625000,0.5437500000,4.8735000000
133.1276862621,0.7267500000,0.5430000000,4.8735000000
133.2275056839,0.7265625000,0.5424375000,4.8735000000
133.3274674416,0.7267500000,0.5431875000,4.8735000000
133.4274055958,0.7267500000,0.5431875000,4.8735000000
133.5274245739,0.7267500000,0.5426250000,4.8735000000
133.6274383068,0.7271250000,0.5422500000,4.8733125000
133.7274174690,0.7269375000,0.5430000000,4.8735000000
133.8274903297,0.7269375000,0.5426250000,4.8735000000
133.9289901257,0.7267500000,0.5430000000,4.8736875000
134.0275359154,0.7269375000,0.5426250000,4.8735000000
134.1275985241,0.7271250000,0.5430000000,4.8735000000
134.2274127007,0.7269375000,0.5437500000,4.8735000000
134.3274226189,0.7271250000,0.5430000000,4.8735000000
134.4274606705,0.7271250000,0.5430000000,4.8735000000
134.5275943279,0.7269375000,0.5435625000,4.8733125000
134.6276733875,0.7269375000,0.5431875000,4.8733125000
134.7274975777,0.7271250000,0.5433750000,4.8735000000
134.8275222778,0.7271250000,0.5426250000,4.8735000000
134.9274616241,0.7271250000,0.5430000000,4.8735000000
135.0274465084,0.7269375000,0.5430000000,4.8735000000
135.1276216507,0.7271250000,0.5437500000,4.8735000000
135.2280714512,0.7267500000,0.5430000000,4.8733125000
135.3275876045,0.7273125000,0.5430000000,4.8733125000
135.4274938107,0.7275000000,0.5431875000,4.8735000000
135.5275909901,0.7273125000,0.5428125000,4.8733125000
135.6274600029,0.7275000000,0.5437500000,4.8735000000
135.7274534702,0.7273125000,0.5431875000,4.8735000000
135.8274083138,0.7273125000,0.5439375000,4.8735000000
135.9274907112,0.7275000000,0.5431875000,4.8735000000
136.0274209976,0.7275000000,0.5426250000,4.8735000000
136.1276786327,0.7275000000,0.5435625000,4.8735000000
136.2275266647,0.7275000000,0.5439375000,4.8735000000
136.3274426460,0.7275000000,0.5437500000,4.8735000000
136.4274158478,0.7273125000,0.5433750000,4.8735000000
136.5274345875,0.7276875000,0.5433750000,4.8736875000
136.6276092529,0.7275000000,0.5428125000,4.8736875000
136.7274470329,0.7275000000,0.5430000000,4.8735000000
136.8274872303,0.7276875000,0.5426250000,4.8736875000
136.9274685383,0.7276875000,0.5435625000,4.8735000000
137.0274546146,0.7275000000,0.5433750000,4.8735000000
137.1275966167,0.7276875000,0.5433750000,4.8735000000
137.2274391651,0.7276875000,0.5431875000,4.8733125000
137.3274149895,0.7275000000,0.5433750000,4.8735000000
137.4274477959,0.7275000000,0.5428125000,4.8735000000
137.5274386406,0.7276875000,0.5435625000,4.8735000000
137.6276760101,0.7278750000,0.5439375000,4.8735000000
137.7274780273,0.7275000000,0.5433750000,4.8735000000
137.8274497986,0.7275000000,0.5435625000,4.8733125000
137.9276173115,0.7278750000,0.5428125000,4.8735000000
138.0275382996,0.7276875000,0.5435625000,4.8735000000
138.1276001930,0.7273125000,0.5437500000,4.8735000000
138.2274641991,0.7276875000,0.5431875000,4.8735000000
138.3274667263,0.7276875000,0.5435625000,4.8735000000
138.4275941849,0.7276875000,0.5431875000,4.8735000000
138.5274956226,0.7278750000,0.5439375000,4.8735000000
138.6275184155,0.7280625000,0.5430000000,4.8735000000
138.7274506092,0.7278750000,0.5437500000,4.8735000000
138.8275630474,0.7280625000,0.5433750000,4.8733125000
138.9274642467,0.7280625000,0.5431875000,4.8735000000
139.0275018215,0.7282500000,0.5439375000,4.8735000000
139.1277174950,0.7280625000,0.5431875000,4.8735000000
139.2283570766,0.7280625000,0.5433750000,4.8736875000
139.3274717331,0.7278750000,0.5439375000,4.8735000000
139.4274690151,0.7278750000,0.5435625000,4.8735000000
139.5274751186,0.7280625000,0.5439375000,4.8735000000
139.6274819374,0.7280625000,0.5433750000,4.8736875000
139.7274596691,0.7282500000,0.5433750000,4.8735000000
139.8275234699,0.7280625000,0.5433750000,4.8735000000
139.9274494648,0.7280625000,0.5437500000,4.8720000000
140.0283441544,0.7282500000,0.5431875000,4.8735000000
140.1276314259,0.7282500000,0.5439375000,4.8735000000
140.2274751663,0.7282500000,0.5431875000,4.8735000000
140.3274729252,0.7280625000,0.5439375000,4.8735000000
140.4275152683,0.7282500000,0.5433750000,4.8735000000
140.5289859772,0.7282500000,0.5435625000,4.8735000000
140.6278076172,0.7282500000,0.5433750000,4.8733125000
140.7276349068,0.7280625000,0.5437500000,4.8736875000
140.8274738789,0.7284375000,0.5433750000,4.8735000000
140.9275004864,0.7282500000,0.5435625000,4.8733125000
141.0274815559,0.7286250000,0.5437500000,4.8735000000
141.1276369095,0.7284375000,0.5439375000,4.8735000000
141.2274401188,0.7284375000,0.5433750000,4.8735000000
141.3274149895,0.7284375000,0.5433750000,4.8735000000
141.4274399281,0.7282500000,0.5435625000,4.8735000000
141.5274250507,0.7284375000,0.5439375000,4.8735000000
141.6274559498,0.7282500000,0.5441250000,4.8735000000
141.7274072170,0.7288125000,0.5439375000,4.8733125000
141.8277077675,0.7286250000,0.5431875000,4.8735000000
141.9275875092,0.7284375000,0.5433750000,4.8736875000
142.0274097919,0.7286250000,0.5433750000,4.8736875000
142.1277356148,0.7286250000,0.5439375000,4.8735000000
142.2274904251,0.7286250000,0.5435625000,4.8735000000
142.3274323940,0.7286250000,0.5439375000,4.8735000000
142.4274392128,0.7286250000,0.5439375000,4.8735000000
142.5274062157,0.7286250000,0.5435625000,4.8735000000
142.6274147034,0.7288125000,0.5439375000,4.8718125000
142.7274258137,0.7284375000,0.5435625000,4.8733125000
142.8275604248,0.7286250000,0.5441250000,4.8735000000
142.9276077747,0.7286250000,0.5439375000,4.8735000000
143.0274822712,0.7288125000,0.5433750000,4.8735000000
143.1275982857,0.7288125000,0.5433750000,4.8735000000
143.2276856899,0.7288125000,0.5445000000,4.8735000000
143.3274831772,0.7290000000,0.5437500000,4.8735000000
143.4274730682,0.7288125000,0.5439375000,4.8735000000
143.5274233818,0.7291875000,0.5439375000,4.8733125000
143.6276884079,0.7290000000,0.5439375000,4.8733125000
143.7274725437,0.7288125000,0.5439375000,4.8735000000
143.8274426460,0.7288125000,0.5439375000,4.8735000000
143.9274380207,0.7290000000,0.5441250000,4.8735000000
144.0274698734,0.7290000000,0.5439375000,4.8735000000
144.1276197433,0.7291875000,0.5439375000,4.8735000000
144.2274670601,0.7288125000,0.5439375000,4.8735000000
144.3274257183,0.7288125000,0.5439375000,4.8735000000
144.4274177551,0.7290000000,0.5439375000,4.8735000000
144.5276367664,0.7291875000,0.5437500000,4.8735000000
144.6274752617,0.7291875000,0.5435625000,4.8735000000
144.7274401188,0.7293750000,0.5437500000,4.8736875000
144.8274424076,0.7291875000,0.5439375000,4.8736875000
144.9275598526,0.7291875000,0.5437500000,4.8735000000
145.0274908543,0.7293750000,0.5433750000,4.8736875000
145.1279137135,0.7291875000,0.5433750000,4.8736875000
145.2275457382,0.7291875000,0.5435625000,4.8735000000
145.3274719715,0.7291875000,0.5435625000,4.8735000000
145.4274430275,0.7293750000,0.5435625000,4.8735000000
145.5274322033,0.7291875000,0.5430000000,4.8736875000
145.6274199486,0.7293750000,0.5431875000,4.8735000000
145.7274343967,0.7293750000,0.5430000000,4.8735000000
145.8287324905,0.7293750000,0.5428125000,4.8735000000
145.9274628162,0.7295625000,0.5428125000,4.8735000000
146.0274310112,0.7293750000,0.5439375000,4.8735000000
146.1276011467,0.7295625000,0.5435625000,4.8735000000
146.2274382114,0.7293750000,0.5435625000,4.8735000000
146.3274936676,0.7297500000,0.5430000000,4.8735000000
146.4275891781,0.7295625000,0.5435625000,4.8736875000
146.5275771618,0.7295625000,0.5431875000,4.8735000000
146.6279869080,0.7295625000,0.5435625000,4.8735000000
146.7276337147,0.7295625000,0.5437500000,4.8735000000
146.8276422024,0.7295625000,0.5430000000,4.8735000000
146.9275209904,0.7295625000,0.5426250000,4.8735000000
147.0276420116,0.7297500000,0.5433750000,4.8735000000
147.1285581589,0.7299375000,0.5435625000,4.8735000000
147.2277240753,0.7295625000,0.5426250000,4.8735000000
147.3276667595,0.7297500000,0.5431875000,4.8735000000
147.4275517464,0.7295625000,0.5428125000,4.8736875000
147.5276088715,0.7297500000,0.5433750000,4.8736875000
147.6275188923,0.7295625000,0.5433750000,4.8735000000
147.7274680138,0.7299375000,0.5433750000,4.8736875000
147.8274860382,0.7297500000,0.5430000000,4.8736875000
147.9276027679,0.7295625000,0.5435625000,4.8729375000
148.0274422169,0.7295625000,0.5437500000,4.8735000000
148.1279056072,0.7301250000,0.5435625000,4.8735000000
148.2275764942,0.7297500000,0.5431875000,4.8736875000
148.3274190426,0.7297500000,0.5439375000,4.8735000000
148.4276633263,0.7297500000,0.5435625000,4.8735000000
148.5278513432,0.7297500000,0.5437500000,4.8735000000
148.6276440620,0.7299375000,0.5439375000,4.8735000000
148.7274639606,0.7303125000,0.5439375000,4.8735000000
148.8274650574,0.7299375000,0.5439375000,4.8735000000
148.9274339676,0.7299375000,0.5431875000,4.8735000000
149.0273923874,0.7297500000,0.5437500000,4.8735000000
149.1275901794,0.7297500000,0.5437500000,4.8735000000
149.2274546623,0.7301250000,0.5430000000,4.8735000000
149.3274278641,0.7301250000,0.5428125000,4.8735000000
149.4274969101,0.7303125000,0.5431875000,4.8735000000
149.5274538994,0.7301250000,0.5430000000,4.8735000000
149.6277406216,0.7299375000,0.5431875000,4.8735000000
149.7274830341,0.7301250000,0.5435625000,4.8735000000
149.8275711536,0.7301250000,0.5439375000,4.8735000000
149.9274237156,0.7301250000,0.5430000000,4.8735000000
150.0274519920,0.7301250000,0.5441250000,4.8735000000
150.1276066303,0.7303125000,0.5437500000,4.8736875000
150.2274274826,0.7303125000,0.5433750000,4.8735000000
150.3274159431,0.7303125000,0.5433750000,4.8735000000
150.4274313450,0.7303125000,0.5433750000,4.8735000000
150.5274770260,0.7305000000,0.5430000000,4.8735000000
150.6274638176,0.7303125000,0.5439375000,4.8736875000
150.7274417877,0.7305000000,0.5428125000,4.8736875000
150.8274986744,0.7303125000,0.5437500000,4.8731250000
150.9274287224,0.7305000000,0.5435625000,4.8735000000
151.0275709629,0.7305000000,0.5437500000,4.8736875000
151.1278545856,0.7303125000,0.5439375000,4.8735000000
151.2275476456,0.7305000000,0.5437500000,4.8735000000
151.3275017738,0.7303125000,0.5430000000,4.8735000000
151.4274790287,0.7303125000,0.5435625000,4.8735000000
151.5277183056,0.7303125000,0.5437500000,4.8735000000
151.6275563240,0.7303125000,0.5435625000,4.8735000000
151.7275259495,0.7308750000,0.5439375000,4.8735000000
151.8275499344,0.7306875000,0.5435625000,4.8735000000
151.9274642467,0.7306875000,0.5431875000,4.8735000000
152.0275015831,0.7305000000,0.5435625000,4.8735000000
152.1276226044,0.7308750000,0.5433750000,4.8735000000
152.2274761200,0.7306875000,0.5439375000,4.8735000000
152.3274729252,0.7305000000,0.5433750000,4.8735000000
152.4286160469,0.7306875000,0.5435625000,4.8735000000
152.5275499821,0.7306875000,0.5435625000,4.8735000000
152.6277873516,0.7306875000,0.5437500000,4.8736875000
152.7274997234,0.7306875000,0.5435625000,4.8736875000
152.8275465965,0.7308750000,0.5435625000,4.8736875000
152.9284796715,0.7306875000,0.5439375000,4.8736875000
153.0275404453,0.7308750000,0.5437500000,4.8735000000
153.1276648045,0.7308750000,0.5435625000,4.8735000000
153.2274832726,0.7308750000,0.5439375000,4.8736875000
153.3274757862,0.7305000000,0.5431875000,4.8735000000
153.4274818897,0.7305000000,0.5437500000,4.8735000000
153.5274531841,0.7310625000,0.5439375000,4.8735000000
153.6276240349,0.7306875000,0.5439375000,4.8735000000
153.7289550304,0.7308750000,0.5433750000,4.8735000000
153.8276009560,0.7310625000,0.5435625000,4.8735000000
153.9274380207,0.7310625000,0.5431875000,4.8735000000
154.0274078846,0.7306875000,0.5437500000,4.8735000000
154.1278355122,0.7308750000,0.5439375000,4.8735000000
154.2275145054,0.7310625000,0.5441250000,4.8735000000
154.3274304867,0.7308750000,0.5431875000,4.8735000000
154.4274344444,0.7310625000,0.5433750000,4.8735000000
154.5274093151,0.7306875000,0.5435625000,4.8735000000
154.6274752617,0.7310625000,0.5435625000,4.8735000000
154.7274320126,0.7314375000,0.5439375000,4.8735000000
154.8275218010,0.7312500000,0.5431875000,4.8735000000
154.9274301529,0.7312500000,0.5437500000,4.8733125000
155.0276856422,0.7312500000,0.5431875000,4.8735000000
155.1276531219,0.7310625000,0.5437500000,4.8735000000
155.2274279594,0.7312500000,0.5437500000,4.8735000000
155.3274466991,0.7312500000,0.5431875000,4.8735000000
155.4274687767,0.7312500000,0.5443125000,4.8735000000
155.5274710655,0.7312500000,0.5428125000,4.8736875000
155.6277651787,0.7312500000,0.5437500000,4.8736875000
155.7274911404,0.7314375000,0.5439375000,4.8736875000
155.8274488449,0.7314375000,0.5437500000,4.8736875000
155.9274404049,0.7314375000,0.5433750000,4.8735000000
156.0274479389,0.7312500000,0.5446875000,4.8720000000
156.1276149750,0.7316250000,0.5437500000,4.8731250000
156.2274243832,0.7314375000,0.5437500000,4.8735000000
156.3274204731,0.7314375000,0.5439375000,4.8733125000
156.4276137352,0.7318125000,0.5431875000,4.8735000000
156.5274178982,0.7314375000,0.5446875000,4.8735000000
156.6274497509,0.7316250000,0.5439375000,4.8735000000
156.7275145054,0.7316250000,0.5437500000,4.8735000000
156.8274321556,0.7318125000,0.5437500000,4.8735000000
156.9274122715,0.7316250000,0.5435625000,4.8736875000
157.0274119377,0.7316250000,0.5437500000,4.8735000000
157.1278343201,0.7314375000,0.5441250000,4.8735000000
157.2275114059,0.7316250000,0.5433750000,4.8733125000
157.3274328709,0.7318125000,0.5431875000,4.8735000000
157.4274351597,0.7316250000,0.5443125000,4.8735000000
157.5274205208,0.7318125000,0.5443125000,4.8735000000
157.6274485588,0.7318125000,0.5439375000,4.8735000000
157.7276620865,0.7316250000,0.5437500000,4.8735000000
157.8274874687,0.7316250000,0.5443125000,4.8735000000
157.9276108742,0.7318125000,0.5441250000,4.8736875000
158.0274748802,0.7318125000,0.5435625000,4.8736875000
158.1276128292,0.7318125000,0.5439375000,4.8735000000
158.2274298668,0.7318125000,0.5439375000,4.8736875000
158.3274283409,0.7320000000,0.5439375000,4.8736875000
158.4276092052,0.7318125000,0.5437500000,4.8736875000
158.5274882317,0.7318125000,0.5439375000,4.8735000000
158.6279661655,0.7314375000,0.5433750000,4.8733125000
158.7274713516,0.7321875000,0.5439375000,4.8735000000
158.8275344372,0.7320000000,0.5437500000,4.8735000000
158.9274206161,0.7320000000,0.5441250000,4.8735000000
159.0285699368,0.7320000000,0.5437500000,4.8735000000
159.1276118755,0.7318125000,0.5441250000,4.8735000000
159.2275280952,0.7320000000,0.5437500000,4.8735000000
159.3274886608,0.7320000000,0.5435625000,4.8735000000
159.4274244308,0.7320000000,0.5441250000,4.8733125000
159.5274958611,0.7320000000,0.5441250000,4.8733125000
159.6274776459,0.7318125000,0.5435625000,4.8733125000
159.7274458408,0.7318125000,0.5439375000,4.8735000000
159.8274838924,0.7321875000,0.5437500000,4.8735000000
159.9274353981,0.7320000000,0.5439375000,4.8735000000
160.0274066925,0.7320000000,0.5435625000,4.8735000000
160.1281440258,0.7320000000,0.5439375000,4.8735000000
160.2275431156,0.7320000000,0.5439375000,4.8735000000
160.3290326595,0.7320000000,0.5439375000,4.8735000000
160.4276192188,0.7318125000,0.5441250000,4.8735000000
160.5274817944,0.7321875000,0.5439375000,4.8735000000
160.6274542809,0.7321875000,0.5433750000,4.8738750000
160.7274057865,0.7321875000,0.5433750000,4.8736875000
160.8274824619,0.7323750000,0.5437500000,4.8736875000
160.9275043011,0.7323750000,0.5435625000,4.8736875000
161.0274307728,0.7323750000,0.5441250000,4.8736875000
161.1276254654,0.7321875000,0.5430000000,4.8735000000
161.2274334431,0.7323750000,0.5439375000,4.8735000000
161.3274178505,0.7323750000,0.5437500000,4.8716250000
161.4274537563,0.7321875000,0.5439375000,4.8733125000
161.5274558067,0.7327500000,0.5431875000,4.8735000000
161.6282157898,0.7321875000,0.5435625000,4.8735000000
161.7276487350,0.7321875000,0.5437500000,4.8735000000
161.8274595737,0.7321875000,0.5443125000,4.8735000000
161.9275243282,0.7323750000,0.5439375000,4.8735000000
162.0274667740,0.7321875000,0.5435625000,4.8735000000
162.1276023388,0.7325625000,0.5439375000,4.8733125000
162.2274131775,0.7321875000,0.5437500000,4.8735000000
162.3274257183,0.7321875000,0.5435625000,4.8735000000
162.4274203777,0.7323750000,0.5433750000,4.8735000000
162.5274202824,0.7325625000,0.5433750000,4.8735000000
162.6274783611,0.7323750000,0.5435625000,4.8735000000
162.7274417877,0.7323750000,0.5439375000,4.8735000000
162.8275275230,0.7325625000,0.5437500000,4.8735000000
162.9276437759,0.7325625000,0.5443125000,4.8735000000
163.0276172161,0.7325625000,0.5435625000,4.8735000000
163.1279160976,0.7325625000,0.5433750000,4.8735000000
163.2275388241,0.7323750000,0.5437500000,4.8735000000
163.3275136948,0.7325625000,0.5435625000,4.8735000000
163.4275438786,0.7325625000,0.5439375000,4.8736875000
163.5275096893,0.7327500000,0.5437500000,4.8736875000
163.6274046898,0.7325625000,0.5435625000,4.8735000000
163.7274296284,0.7327500000,0.5437500000,4.8735000000
163.8275310993,0.7329375000,0.5439375000,4.8735000000
163.9274539948,0.7327500000,0.5437500000,4.8736875000
164.0275201797,0.7321875000,0.5437500000,4.8720000000
164.1276257038,0.7327500000,0.5441250000,4.8735000000
164.2274720669,0.7329375000,0.5435625000,4.8735000000
164.3276116848,0.7327500000,0.5433750000,4.8735000000
164.4275112152,0.7327500000,0.5439375000,4.8735000000
164.5274949074,0.7325625000,0.5433750000,4.8735000000
164.6279199123,0.7327500000,0.5435625000,4.8735000000
164.7275032997,0.7329375000,0.5435625000,4.8735000000
164.8275310993,0.7329375000,0.5431875000,4.8733125000
164.9274692535,0.7329375000,0.5435625000,4.8735000000
165.0275356770,0.7327500000,0.5430000000,4.8735000000
165.1276175976,0.7331250000,0.5435625000,4.8735000000
165.2274737358,0.7329375000,0.5439375000,4.8735000000
165.3274724483,0.7329375000,0.5433750000,4.8735000000
165.4274859428,0.7327500000,0.5433750000,4.8735000000
165.5274739265,0.7331250000,0.5431875000,4.8735000000
165.6279718876,0.7329375000,0.5433750000,4.8733125000
165.7282485962,0.7327500000,0.5431875000,4.8735000000
165.8275516033,0.7329375000,0.5433750000,4.8735000000
165.9274818897,0.7329375000,0.5433750000,4.8735000000
166.0274887085,0.7329375000,0.5431875000,4.8733125000
166.1279544830,0.7333125000,0.5430000000,4.8735000000
166.2275471687,0.7331250000,0.5435625000,4.8735000000
166.3275105953,0.7331250000,0.5435625000,4.8736875000
166.4274659157,0.7331250000,0.5441250000,4.8735000000
166.5276436806,0.7331250000,0.5437500000,4.8735000000
166.6275079250,0.7331250000,0.5435625000,4.8735000000
166.7274134159,0.7331250000,0.5428125000,4.8736875000
166.8274869919,0.7331250000,0.5435625000,4.8736875000
166.9289557934,0.7331250000,0.5437500000,4.8735000000
167.0275039673,0.7329375000,0.5437500000,4.8735000000
167.1276242733,0.7331250000,0.5435625000,4.8735000000
167.2274267673,0.7331250000,0.5439375000,4.8735000000
167.3274202347,0.7333125000,0.5431875000,4.8735000000
167.4274473190,0.7333125000,0.5435625000,4.8735000000
167.5274405479,0.7335000000,0.5435625000,4.8735000000
167.6278247833,0.7333125000,0.5433750000,4.8735000000
167.7274816036,0.7333125000,0.5439375000,4.8736875000
167.8274495602,0.7336875000,0.5433750000,4.8735000000
167.9276266098,0.7335000000,0.5433750000,4.8735000000
168.0275559425,0.7333125000,0.5433750000,4.8735000000
168.1276297569,0.7333125000,0.5437500000,4.8735000000
168.2285649776,0.7331250000,0.5426250000,4.8735000000
168.3275949955,0.7336875000,0.5433750000,4.8735000000
168.4274621010,0.7333125000,0.5428125000,4.8733125000
168.5274040699,0.7335000000,0.5437500000,4.8735000000
168.6274509430,0.7336875000,0.5439375000,4.8735000000
168.7276158333,0.7335000000,0.5437500000,4.8735000000
168.8274405003,0.7335000000,0.5441250000,4.8735000000
168.9274063110,0.7336875000,0.5439375000,4.8735000000
169.0274219513,0.7335000000,0.5431875000,4.8735000000
169.1279153824,0.7336875000,0.5426250000,4.8738750000
169.2275302410,0.7336875000,0.5441250000,4.8735000000
169.3274543285,0.7336875000,0.5428125000,4.8736875000
169.4274179935,0.7335000000,0.5433750000,4.8735000000
169.5277624130,0.7336875000,0.5433750000,4.8735000000
169.6275827885,0.7336875000,0.5435625000,4.8736875000
169.7274224758,0.7336875000,0.5439375000,4.8735000000
169.8275363445,0.7336875000,0.5430000000,4.8712500000
169.9274365902,0.7335000000,0.5430000000,4.8733125000
170.0274231434,0.7336875000,0.5435625000,4.8735000000
170.1276125908,0.7338750000,0.5435625000,4.8735000000
170.2274522781,0.7335000000,0.5435625000,4.8735000000
170.3274359703,0.7338750000,0.5433750000,4.8735000000
170.4274330139,0.7336875000,0.5441250000,4.8735000000
170.5274376869,0.7336875000,0.5437500000,4.8735000000
170.6278192997,0.7336875000,0.5428125000,4.8735000000
170.7274825573,0.7338750000,0.5431875000,4.8735000000
170.8275029659,0.7336875000,0.5435625000,4.8735000000
170.9276044369,0.7340625000,0.5435625000,4.8735000000
171.0274581909,0.7340625000,0.5435625000,4.8735000000
171.1276032925,0.7336875000,0.5430000000,4.8735000000
171.2274374962,0.7335000000,0.5437500000,4.8735000000
171.3274579048,0.7338750000,0.5441250000,4.8736875000
171.4274210930,0.7340625000,0.5433750000,4.8735000000
171.5274314880,0.7340625000,0.5426250000,4.8735000000
171.6274712086,0.7338750000,0.5437500000,4.8735000000
171.7274222374,0.7340625000,0.5431875000,4.8736875000
171.8274338245,0.7340625000,0.5431875000,4.8735000000
171.9274222851,0.7342500000,0.5437500000,4.8736875000
172.0274238586,0.7340625000,0.5431875000,4.8736875000
172.1279623508,0.7340625000,0.5431875000,4.8736875000
172.2276568413,0.7340625000,0.5431875000,4.8718125000
172.3275303841,0.7338750000,0.5428125000,4.8733125000
172.4274415970,0.7338750000,0.5435625000,4.8735000000
172.5274178982,0.7340625000,0.5433750000,4.8735000000
172.6274359226,0.7342500000,0.5433750000,4.8735000000
172.7274210453,0.7340625000,0.5435625000,4.8735000000
172.8275530338,0.7340625000,0.5430000000,4.8735000000
172.9276361465,0.7344375000,0.5430000000,4.8735000000
173.0274851322,0.7340625000,0.5435625000,4.8735000000
173.1276087761,0.7340625000,0.5433750000,4.8735000000
173.2274100780,0.7340625000,0.5426250000,4.8735000000
173.3274650574,0.7342500000,0.5430000000,4.8735000000
173.4274537563,0.7342500000,0.5431875000,4.8735000000
173.5281274319,0.7342500000,0.5435625000,4.8735000000
173.6278655529,0.7344375000,0.5424375000,4.8735000000
173.7274899483,0.7340625000,0.5435625000,4.8733125000
173.8274233341,0.7342500000,0.5437500000,4.8735000000
173.9274082184,0.7344375000,0.5443125000,4.8735000000
174.0274286270,0.7344375000,0.5439375000,4.8735000000
174.1276059151,0.7344375000,0.5437500000,4.8735000000
174.2274436951,0.7344375000,0.5439375000,4.8736875000
174.3274133205,0.7344375000,0.5430000000,4.8735000000
174.4274990559,0.7344375000,0.5431875000,4.8735000000
174.5274178982,0.7344375000,0.5435625000,4.8735000000
174.6274280548,0.7344375000,0.5437500000,4.8736875000
174.7274379730,0.7342500000,0.5435625000,4.8735000000
174.8291025162,0.7344375000,0.5431875000,4.8733125000
174.9275481701,0.7346250000,0.5433750000,4.8733125000
175.0274231434,0.7344375000,0.5433750000,4.8733125000
175.1281561852,0.7346250000,0.5437500000,4.8735000000
175.2275409698,0.7344375000,0.5430000000,4.8735000000
175.3274359703,0.7344375000,0.5435625000,4.8735000000
175.4274740219,0.7346250000,0.5435625000,4.8735000000
175.5274250507,0.7344375000,0.5433750000,4.8735000000
175.6274130344,0.7344375000,0.5433750000,4.8735000000
175.7274410725,0.7346250000,0.5439375000,4.8735000000
175.8274905682,0.7346250000,0.5431875000,4.8735000000
175.9274394512,0.7348125000,0.5428125000,4.8735000000
176.0274350643,0.7350000000,0.5437500000,4.8733125000
176.1283679008,0.7344375000,0.5437500000,4.8735000000
176.2275960445,0.7346250000,0.5433750000,4.8735000000
176.3274531364,0.7346250000,0.5433750000,4.8735000000
176.4274806976,0.7346250000,0.5431875000,4.8735000000
176.5275170803,0.7348125000,0.5435625000,4.8735000000
176.6280477047,0.7346250000,0.5430000000,4.8735000000
176.7275614738,0.7344375000,0.5430000000,4.8735000000
176.8274750710,0.7348125000,0.5439375000,4.8735000000
176.9274537563,0.7348125000,0.5433750000,4.8735000000
177.0275094509,0.7348125000,0.5433750000,4.8736875000
177.1276123524,0.7348125000,0.5433750000,4.8735000000
177.2274649143,0.7348125000,0.5435625000,4.8735000000
177.3274743557,0.7346250000,0.5435625000,4.8735000000
177.4276077747,0.7348125000,0.5437500000,4.8735000000
177.5276088715,0.7350000000,0.5437500000,4.8735000000
177.6275017262,0.7348125000,0.5431875000,4.8735000000
177.7274649143,0.7346250000,0.5430000000,4.8733125000
177.8274874687,0.7350000000,0.5433750000,4.8733125000
177.9276194572,0.7348125000,0.5435625000,4.8735000000
178.0275189877,0.7348125000,0.5441250000,4.8735000000
178.1280221939,0.7348125000,0.5433750000,4.8735000000
178.2276036739,0.7350000000,0.5437500000,4.8735000000
178.3275849819,0.7348125000,0.5433750000,4.8735000000
178.4276106358,0.7346250000,0.5437500000,4.8735000000
178.5275552273,0.7348125000,0.5439375000,4.8735000000
178.6283421516,0.7348125000,0.5431875000,4.8735000000
178.7274723053,0.7350000000,0.5437500000,4.8733125000
178.8276529312,0.7350000000,0.5437500000,4.8735000000
178.9274766445,0.7351875000,0.5437500000,4.8735000000
179.0274693966,0.7348125000,0.5431875000,4.8735000000
179.1276273727,0.7351875000,0.5433750000,4.8735000000
179.2274634838,0.7350000000,0.5435625000,4.8733125000
179.3274669647,0.7350000000,0.5435625000,4.8733125000
179.4274926186,0.7348125000,0.5435625000,4.8735000000
179.5274910927,0.7348125000,0.5435625000,4.8735000000
179.6277847290,0.7351875000,0.5433750000,4.8735000000
179.7275311947,0.7353750000,0.5431875000,4.8733125000
179.8274590969,0.7351875000,0.5435625000,4.8735000000
179.9274480343,0.7350000000,0.5433750000,4.8736875000
180.0274238586,0.7351875000,0.5428125000,4.8735000000
180.1280305386,0.7351875000,0.5433750000,4.8736875000
180.2274389267,0.7351875000,0.5433750000,4.8736875000
180.3274271488,0.7351875000,0.5437500000,4.8735000000
180.4274446964,0.7351875000,0.5430000000,4.8735000000
180.5274376869,0.7350000000,0.5426250000,4.8735000000
180.6274752617,0.7351875000,0.5433750000,4.8735000000
180.7274661064,0.7353750000,0.5433750000,4.8735000000
180.8274285793,0.7350000000,0.5433750000,4.8736875000
180.9274175167,0.7351875000,0.5433750000,4.8733125000
181.0274579525,0.7351875000,0.5430000000,4.8735000000
181.1278367043,0.7355625000,0.5424375000,4.8735000000
181.2275333405,0.7353750000,0.5428125000,4.8735000000
181.3274571896,0.7351875000,0.5433750000,4.8735000000
181.4289846420,0.7353750000,0.5435625000,4.8735000000
181.5275061131,0.7353750000,0.5428125000,4.8736875000
181.6274521351,0.7355625000,0.5422500000,4.8735000000
181.7274630070,0.7351875000,0.5426250000,4.8735000000
181.8274216652,0.7353750000,0.5426250000,4.8735000000
181.9274637699,0.7353750000,0.5426250000,4.8733125000
182.0273947716,0.7353750000,0.5428125000,4.8733125000
182.1275944710,0.7353750000,0.5422500000,4.8735000000
182.2274463177,0.7355625000,0.5424375000,4.8735000000
182.3274202347,0.7355625000,0.5422500000,4.8735000000
182.4274058342,0.7353750000,0.5433750000,4.8735000000
182.5274870396,0.7355625000,0.5422500000,4.8735000000
182.6276888847,0.7353750000,0.5428125000,4.8736875000
182.7283592224,0.7353750000,0.5428125000,4.8735000000
182.8276317120,0.7355625000,0.5428125000,4.8735000000
182.9276485443,0.7353750000,0.5426250000,4.8736875000
183.0276572704,0.7355625000,0.5430000000,4.8735000000
183.1276021004,0.7355625000,0.5428125000,4.8736875000
183.2274172306,0.7353750000,0.5428125000,4.8720000000
183.3274221420,0.7355625000,0.5431875000,4.8731250000
183.4274234772,0.7355625000,0.5430000000,4.8735000000
183.5274732113,0.7355625000,0.5426250000,4.8733125000
183.6274964809,0.7355625000,0.5430000000,4.8735000000
183.7274847031,0.7359375000,0.5428125000,4.8735000000
183.8274691105,0.7357500000,0.5426250000,4.8735000000
183.9274063110,0.7357500000,0.5433750000,4.8735000000
184.0274403095,0.7357500000,0.5431875000,4.8735000000
184.1278691292,0.7357500000,0.5435625000,4.8735000000
184.2275454998,0.7353750000,0.5418750000,4.8735000000
184.3275072575,0.7359375000,0.5426250000,4.8735000000
184.4274413586,0.7357500000,0.5420625000,4.8735000000
184.5274248123,0.7355625000,0.5439375000,4.8735000000
184.6274511814,0.7357500000,0.5435625000,4.8733125000
184.7274119854,0.7355625000,0.5431875000,4.8735000000
184.8275015354,0.7359375000,0.5430000000,4.8735000000
184.9274675846,0.7357500000,0.5426250000,4.8735000000
185.0274300575,0.7359375000,0.5431875000,4.8733125000
185.1276113987,0.7357500000,0.5430000000,4.8735000000
185.2274208069,0.7357500000,0.5426250000,4.8735000000
185.3274569511,0.7357500000,0.5435625000,4.8735000000
185.4276063442,0.7357500000,0.5430000000,4.8735000000
185.5274572372,0.7359375000,0.5428125000,4.8735000000
185.6277489662,0.7361250000,0.5430000000,4.8735000000
185.7275350094,0.7359375000,0.5431875000,4.8735000000
185.8274810314,0.7359375000,0.5433750000,4.8735000000
185.9274260998,0.7359375000,0.5433750000,4.8736875000
186.0274145603,0.7359375000,0.5428125000,4.8720000000
186.1276266575,0.7359375000,0.5428125000,4.8733125000
186.2274432182,0.7361250000,0.5428125000,4.8733125000
186.3274309635,0.7357500000,0.5431875000,4.8735000000
186.4274480343,0.7363125000,0.5426250000,4.8735000000
186.5274419785,0.7363125000,0.5433750000,4.8735000000
186.6274342537,0.7361250000,0.5431875000,4.8735000000
186.7279913425,0.7363125000,0.5430000000,4.8733125000
186.8275051117,0.7359375000,0.5431875000,4.8735000000
186.9274804592,0.7359375000,0.5428125000,4.8735000000
187.0274176598,0.7359375000,0.5426250000,4.8735000000
187.1278545856,0.7363125000,0.5431875000,4.8735000000
187.2275609970,0.7363125000,0.5426250000,4.8735000000
187.3274526596,0.7361250000,0.5435625000,4.8733125000
187.4274435043,0.7363125000,0.5426250000,4.8735000000
187.5274314880,0.7361250000,0.5428125000,4.8735000000
187.6274306774,0.7361250000,0.5428125000,4.8733125000
187.7274591923,0.7363125000,0.5431875000,4.8735000000
187.8274307251,0.7359375000,0.5435625000,4.8735000000
187.9276516438,0.7361250000,0.5430000000,4.8735000000
188.0290565491,0.7361250000,0.5430000000,4.8736875000
188.1276001930,0.7361250000,0.5431875000,4.8735000000
188.2274205685,0.7363125000,0.5420625000,4.8736875000
188.3274223804,0.7363125000,0.5430000000,4.8735000000
188.4274520874,0.7365000000,0.5431875000,4.8735000000
188.5274548531,0.7363125000,0.5433750000,4.8735000000
188.6277625561,0.7363125000,0.5433750000,4.8735000000
188.7275395393,0.7361250000,0.5435625000,4.8735000000
188.8274445534,0.7359375000,0.5433750000,4.8733125000
188.9274618626,0.7363125000,0.5439375000,4.8735000000
189.0274553299,0.7365000000,0.5437500000,4.8735000000
189.1276123524,0.7363125000,0.5441250000,4.8735000000
189.2274415493,0.7361250000,0.5437500000,4.8735000000
189.3277881145,0.7363125000,0.5430000000,4.8735000000
189.4276080132,0.7365000000,0.5435625000,4.8735000000
189.5275530815,0.7365000000,0.5428125000,4.8735000000
189.6274836063,0.7365000000,0.5433750000,4.8736875000
189.7274949551,0.7365000000,0.5431875000,4.8735000000
189.8275287151,0.7365000000,0.5430000000,4.8735000000
189.9274575710,0.7365000000,0.5435625000,4.8733125000
190.0275187492,0.7366875000,0.5430000000,4.8735000000
190.1279230118,0.7363125000,0.5437500000,4.8735000000
190.2276031971,0.7366875000,0.5433750000,4.8735000000
190.3275072575,0.7365000000,0.5435625000,4.8733125000
190.4274742603,0.7365000000,0.5433750000,4.8735000000
190.5274789333,0.7366875000,0.5437500000,4.8735000000
190.6274714470,0.7363125000,0.5431875000,4.8735000000
190.7277071476,0.7366875000,0.5437500000,4.8735000000
190.8275830746,0.7368750000,0.5435625000,4.8735000000
190.9274976254,0.7365000000,0.5435625000,4.8736875000
191.0274963379,0.7366875000,0.5435625000,4.8735000000
191.1276314259,0.7366875000,0.5433750000,4.8736875000
191.2274768353,0.7368750000,0.5431875000,4.8736875000
191.3274629116,0.7368750000,0.5431875000,4.8736875000
191.4274888039,0.7366875000,0.5437500000,4.8736875000
191.5283534527,0.7368750000,0.5435625000,4.8733125000
191.6277484894,0.7370625000,0.5428125000,4.8733125000
191.7276263237,0.7370625000,0.5433750000,4.8733125000
191.8274874687,0.7366875000,0.5435625000,4.8735000000
191.9274682999,0.7368750000,0.5426250000,4.8735000000
192.0276479721,0.7368750000,0.5435625000,4.8735000000
192.1277146339,0.7366875000,0.5433750000,4.8735000000
192.2274558544,0.7366875000,0.5435625000,4.8735000000
192.3274235725,0.7366875000,0.5433750000,4.8735000000
192.4274291992,0.7370625000,0.5437500000,4.8735000000
192.5274024010,0.7366875000,0.5428125000,4.8735000000
192.6274459362,0.7370625000,0.5437500000,4.8735000000
192.7274589539,0.7368750000,0.5430000000,4.8735000000
192.8274984360,0.7368750000,0.5437500000,4.8735000000
192.9276609421,0.7368750000,0.5439375000,4.8735000000
193.0274689198,0.7366875000,0.5430000000,4.8735000000
193.1276576519,0.7370625000,0.5435625000,4.8735000000
193.2276244164,0.7368750000,0.5437500000,4.8735000000
193.3285803795,0.7370625000,0.5439375000,4.8735000000
193.4274687767,0.7370625000,0.5441250000,4.8738750000
193.5274248123,0.7370625000,0.5430000000,4.8736875000
193.6274528503,0.7372500000,0.5435625000,4.8736875000
193.7274153233,0.7370625000,0.5431875000,4.8735000000
193.8274438381,0.7372500000,0.5441250000,4.8735000000
193.9275012016,0.7372500000,0.5433750000,4.8735000000
194.0274126530,0.7372500000,0.5430000000,4.8736875000
194.1276359558,0.7372500000,0.5437500000,4.8725625000
194.2274680138,0.7370625000,0.5443125000,4.8733125000
194.3274445534,0.7372500000,0.5439375000,4.8735000000
194.4274437428,0.7370625000,0.5431875000,4.8733125000
194.5274364948,0.7372500000,0.5431875000,4.8735000000
194.6291055679,0.7372500000,0.5433750000,4.8735000000
194.7276782990,0.7368750000,0.5437500000,4.8735000000
194.8275084496,0.7372500000,0.5430000000,4.8735000000
194.9274404049,0.7372500000,0.5437500000,4.8733125000
195.0274512768,0.7372500000,0.5435625000,4.8733125000
195.1276135445,0.7372500000,0.5437500000,4.8733125000
195.2274930477,0.7372500000,0.5431875000,4.8733125000
195.3274140358,0.7376250000,0.5437500000,4.8735000000
195.4274213314,0.7374375000,0.5433750000,4.8733125000
195.5274121761,0.7372500000,0.5437500000,4.8736875000
195.6274154186,0.7372500000,0.5441250000,4.8735000000
195.7278251648,0.7374375000,0.5431875000,4.8735000000
195.8274555206,0.7372500000,0.5437500000,4.8735000000
195.9276793003,0.7374375000,0.5430000000,4.8735000000
196.0275895596,0.7374375000,0.5437500000,4.8735000000
196.1276099682,0.7372500000,0.5431875000,4.8735000000
196.2276153564,0.7374375000,0.5437500000,4.8735000000
196.3274765015,0.7376250000,0.5435625000,4.8735000000
196.4274284840,0.7376250000,0.5433750000,4.8735000000
196.5274519920,0.7376250000,0.5433750000,4.8735000000
196.6274268627,0.7376250000,0.5433750000,4.8736875000
196.7274062634,0.7376250000,0.5428125000,4.8735000000
196.8274421692,0.7376250000,0.5435625000,4.8735000000
196.9274346828,0.7376250000,0.5437500000,4.8736875000
197.0274472237,0.7378125000,0.5433750000,4.8735000000
197.1276178360,0.7376250000,0.5433750000,4.8729375000
197.2274544239,0.7376250000,0.5437500000,4.8735000000
197.3276226521,0.7376250000,0.5435625000,4.8735000000
197.4274301529,0.7378125000,0.5435625000,4.8735000000
197.5275232792,0.7378125000,0.5435625000,4.8735000000
197.6275594234,0.7380000000,0.5428125000,4.8735000000
197.7276096344,0.7376250000,0.5435625000,4.8735000000
197.8274807930,0.7376250000,0.5433750000,4.8735000000
197.9276242256,0.7378125000,0.5431875000,4.8735000000
198.0274407864,0.7378125000,0.5439375000,4.8733125000
198.1276240349,0.7378125000,0.5437500000,4.8735000000
198.2274270058,0.7380000000,0.5433750000,4.8736875000
198.3274857998,0.7380000000,0.5430000000,4.8733125000
198.4275748730,0.7378125000,0.5433750000,4.8733125000
198.5274791718,0.7378125000,0.5431875000,4.8733125000
198.6276206970,0.7378125000,0.5431875000,4.8735000000
198.7274463177,0.7381875000,0.5435625000,4.8735000000
198.8274910450,0.7378125000,0.5428125000,4.8735000000
198.9274184704,0.7380000000,0.5433750000,4.8736875000
199.0274093151,0.7380000000,0.5437500000,4.8735000000
199.1275954247,0.7380000000,0.5435625000,4.8735000000
199.2276122570,0.7380000000,0.5430000000,4.8735000000
199.3276751041,0.7380000000,0.5439375000,4.8736875000
199.4274957180,0.7380000000,0.5437500000,4.8735000000
199.5274758339,0.7381875000,0.5437500000,4.8735000000
199.6274478436,0.7380000000,0.5426250000,4.8729375000
199.7275671959,0.7380000000,0.5433750000,4.8736875000
199.8274521828,0.7381875000,0.5437500000,4.8735000000
199.9288997650,0.7381875000,0.5431875000,4.8736875000
200.0274684429,0.7380000000,0.5433750000,4.8735000000
200.1276082993,0.7383750000,0.5433750000,4.8735000000
200.2274467945,0.7380000000,0.5431875000,4.8735000000
200.3274202347,0.7381875000,0.5430000000,4.8735000000
200.4274890423,0.7383750000,0.5433750000,4.8735000000
200.5274369717,0.7381875000,0.5433750000,4.8735000000
200.6276717186,0.7381875000,0.5435625000,4.8735000000
200.7276647091,0.7381875000,0.5433750000,4.8735000000
200.8276600838,0.7381875000,0.5426250000,4.8733125000
200.9274799824,0.7383750000,0.5435625000,4.8735000000
201.0274350643,0.7380000000,0.5431875000,4.8735000000
201.1276164055,0.7383750000,0.5428125000,4.8735000000
201.2286822796,0.7385625000,0.5426250000,4.8735000000
201.3275928497,0.7381875000,0.5431875000,4.8733125000
201.4274687767,0.7383750000,0.5435625000,4.8733125000
201.5274240971,0.7381875000,0.5435625000,4.8735000000
201.6274194717,0.7383750000,0.5433750000,4.8735000000
201.7274644375,0.7385625000,0.5430000000,4.8736875000
201.8274168968,0.7383750000,0.5433750000,4.8736875000
201.9274299145,0.7385625000,0.5420625000,4.8736875000
202.0274226665,0.7385625000,0.5433750000,4.8735000000
202.1276011467,0.7385625000,0.5431875000,4.8736875000
202.2276341915,0.7385625000,0.5426250000,4.8736875000
202.3274819851,0.7383750000,0.5433750000,4.8731250000
202.4274780750,0.7385625000,0.5431875000,4.8735000000
202.5277054310,0.7385625000,0.5431875000,4.8736875000
202.6276528835,0.7385625000,0.5437500000,4.8735000000
202.7274618149,0.7385625000,0.5430000000,4.8735000000
202.8275799751,0.7387500000,0.5435625000,4.8735000000
202.9276371002,0.7389375000,0.5430000000,4.8735000000
203.0275032520,0.7385625000,0.5433750000,4.8735000000
203.1276154518,0.7387500000,0.5431875000,4.8735000000
203.2274596691,0.7387500000,0.5430000000,4.8735000000
203.3275191784,0.7387500000,0.5433750000,4.8735000000
203.4274795055,0.7385625000,0.5439375000,4.8735000000
203.5275356770,0.7385625000,0.5433750000,4.8735000000
203.6274869442,0.7385625000,0.5435625000,4.8733125000
203.7276322842,0.7387500000,0.5431875000,4.8735000000
203.8274898529,0.7389375000,0.5433750000,4.8733125000
203.9279015064,0.7387500000,0.5433750000,4.8735000000
204.0277202129,0.7389375000,0.5435625000,4.8735000000
204.1276297569,0.7387500000,0.5430000000,4.8735000000
204.2274832726,0.7389375000,0.5435625000,4.8733125000
204.3282308578,0.7389375000,0.5426250000,4.8735000000
204.4275450706,0.7385625000,0.5431875000,4.8736875000
204.5275087357,0.7387500000,0.5431875000,4.8736875000
204.6274809837,0.7389375000,0.5431875000,4.8735000000
204.7274858952,0.7391250000,0.5428125000,4.8736875000
204.8274621964,0.7391250000,0.5431875000,4.8735000000
204.9274907112,0.7389375000,0.5426250000,4.8735000000
205.0274550915,0.7391250000,0.5431875000,4.8736875000
205.1275963783,0.7389375000,0.5424375000,4.8735000000
205.2276158333,0.7391250000,0.5433750000,4.8731250000
205.3274912834,0.7389375000,0.5426250000,4.8733125000
205.4274473190,0.7391250000,0.5435625000,4.8733125000
205.5274097919,0.7389375000,0.5431875000,4.8735000000
205.6276087761,0.7395000000,0.5424375000,4.8735000000
205.7274179459,0.7389375000,0.5428125000,4.8735000000
205.8274168968,0.7393125000,0.5431875000,4.8735000000
205.9274590015,0.7393125000,0.5433750000,4.8735000000
206.0274400711,0.7391250000,0.5435625000,4.8735000000
206.1275970936,0.7389375000,0.5435625000,4.8735000000
206.2274246216,0.7389375000,0.5439375000,4.8735000000
206.3274698257,0.7393125000,0.5430000000,4.8735000000
206.4274454117,0.7389375000,0.5431875000,4.8735000000
206.5290167332,0.7389375000,0.5433750000,4.8735000000
206.6278517246,0.7395000000,0.5431875000,4.8733125000
206.7276673317,0.7395000000,0.5431875000,4.8735000000
206.8276283741,0.7391250000,0.5433750000,4.8733125000
206.9275352955,0.7395000000,0.5437500000,4.8735000000
207.0274395943,0.7393125000,0.5433750000,4.8735000000
207.1275923252,0.7393125000,0.5433750000,4.8735000000
207.2275271416,0.7395000000,0.5431875000,4.8735000000
207.3276231289,0.7393125000,0.5435625000,4.8736875000
207.4275062084,0.7393125000,0.5431875000,4.8736875000
207.5277633667,0.7393125000,0.5430000000,4.8736875000
207.6274907589,0.7395000000,0.5431875000,4.8736875000
207.7275569439,0.7395000000,0.5428125000,4.8735000000
207.8284678459,0.7396875000,0.5433750000,4.8735000000
207.9279065132,0.7395000000,0.5433750000,4.8720000000
208.0274779797,0.7395000000,0.5431875000,4.8735000000
208.1276588440,0.7395000000,0.5426250000,4.8733125000
208.2277266979,0.7395000000,0.5433750000,4.8735000000
208.3275682926,0.7393125000,0.5433750000,4.8735000000
208.4275085926,0.7391250000,0.5431875000,4.8735000000
208.5274460316,0.7396875000,0.5431875000,4.8735000000
208.6276543140,0.7391250000,0.5435625000,4.8735000000
208.7275156975,0.7396875000,0.5439375000,4.8735000000
208.8274402618,0.7396875000,0.5437500000,4.8735000000
208.9274487495,0.7395000000,0.5435625000,4.8733125000
209.0274386406,0.7395000000,0.5433750000,4.8735000000
209.1276979446,0.7395000000,0.5431875000,4.8735000000
209.2276029587,0.7395000000,0.5435625000,4.8733125000
209.3275933266,0.7393125000,0.5435625000,4.8735000000
209.4274666309,0.7396875000,0.5431875000,4.8735000000
209.5274519920,0.7393125000,0.5430000000,4.8733125000
209.6274607182,0.7395000000,0.5431875000,4.8735000000
209.7276458740,0.7395000000,0.5433750000,4.8735000000
209.8275446892,0.7396875000,0.5430000000,4.8735000000
209.9274606705,0.7396875000,0.5430000000,4.8736875000
210.0274264812,0.7396875000,0.5433750000,4.8735000000
210.1276090145,0.7396875000,0.5430000000,4.8735000000
210.2274274826,0.7398750000,0.5428125000,4.8735000000
210.3274424076,0.7396875000,0.5431875000,4.8736875000
210.4274129868,0.7398750000,0.5428125000,4.8735000000
210.5275936127,0.7395000000,0.5433750000,4.8735000000
210.6274228096,0.7396875000,0.5439375000,4.8735000000
210.7274460793,0.7395000000,0.5435625000,4.8735000000
210.8275439739,0.7398750000,0.5431875000,4.8735000000
210.9274139404,0.7398750000,0.5431875000,4.8735000000
211.0274276733,0.7396875000,0.5431875000,4.8735000000
211.1276035309,0.7395000000,0.5435625000,4.8735000000
211.2276248932,0.7400625000,0.5433750000,4.8735000000
211.3274960518,0.7398750000,0.5431875000,4.8735000000
211.4274201393,0.7398750000,0.5431875000,4.8735000000
211.5274057388,0.7398750000,0.5431875000,4.8735000000
211.6274542809,0.7398750000,0.5433750000,4.8733125000
211.7274401188,0.7398750000,0.5431875000,4.8735000000
211.8277122974,0.7398750000,0.5435625000,4.8735000000
211.9274649620,0.7398750000,0.5435625000,4.8735000000
212.0274345875,0.7400625000,0.5435625000,4.8733125000
212.1276116371,0.7400625000,0.5430000000,4.8735000000
212.2274072170,0.7396875000,0.5431875000,4.8735000000
212.3274178505,0.7400625000,0.5431875000,4.8735000000
212.4274222851,0.7398750000,0.5428125000,4.8735000000
212.5274462700,0.7398750000,0.5439375000,4.8735000000
212.6274459362,0.7398750000,0.5435625000,4.8736875000
212.7276256084,0.7398750000,0.5431875000,4.8735000000
212.8275191784,0.7400625000,0.5431875000,4.8736875000
212.9276447296,0.7398750000,0.5431875000,4.8736875000
213.0274465084,0.7402500000,0.5431875000,4.8735000000
213.1289660931,0.7400625000,0.5420625000,4.8735000000
213.2274873257,0.7398750000,0.5431875000,4.8733125000
213.3274338245,0.7400625000,0.5430000000,4.8735000000
213.4274420738,0.7396875000,0.5430000000,4.8735000000
213.5274109840,0.7400625000,0.5426250000,4.8735000000
213.6275949478,0.7402500000,0.5431875000,4.8735000000
213.7275047302,0.7398750000,0.5424375000,4.8735000000
213.8274335861,0.7402500000,0.5431875000,4.8735000000
213.9274878502,0.7398750000,0.5426250000,4.8735000000
214.0274143219,0.7398750000,0.5430000000,4.8735000000
214.1276025772,0.7400625000,0.5428125000,4.8735000000
214.2276346684,0.7402500000,0.5428125000,4.8735000000
214.3274555206,0.7402500000,0.5424375000,4.8735000000
214.4286117554,0.7400625000,0.5433750000,4.8735000000
214.5275831223,0.7402500000,0.5420625000,4.8735000000
214.6274318695,0.7400625000,0.5428125000,4.8735000000
214.7274260521,0.7402500000,0.5426250000,4.8735000000
214.8274815083,0.7402500000,0.5430000000,4.8735000000
214.9275233746,0.7402500000,0.5426250000,4.8733125000
215.0275011063,0.7402500000,0.5431875000,4.8735000000
215.1276314259,0.7402500000,0.5422500000,4.8736875000
215.2275049686,0.7402500000,0.5428125000,4.8735000000
215.3274629116,0.7402500000,0.5426250000,4.8735000000
215.4274847507,0.7402500000,0.5426250000,4.8736875000
215.5275588036,0.7402500000,0.5422500000,4.8735000000
215.6274845600,0.7404375000,0.5424375000,4.8735000000
215.7278575897,0.7402500000,0.5422500000,4.8735000000
215.8275976181,0.7404375000,0.5426250000,4.8723750000
215.9274418354,0.7402500000,0.5426250000,4.8736875000
216.0275225639,0.7404375000,0.5420625000,4.8735000000
216.1276221275,0.7402500000,0.5426250000,4.8735000000
216.2275371552,0.7404375000,0.5430000000,4.8735000000
216.3274579048,0.7402500000,0.5424375000,4.8735000000
216.4274959564,0.7404375000,0.5422500000,4.8733125000
216.5274674892,0.7404375000,0.5422500000,4.8735000000
216.6274759769,0.7402500000,0.5422500000,4.8735000000
216.7275221348,0.7404375000,0.5418750000,4.8735000000
216.8275175095,0.7402500000,0.5422500000,4.8735000000
216.9274847507,0.7402500000,0.5418750000,4.8735000000
217.0276136398,0.7404375000,0.5422500000,4.8735000000
217.1276540756,0.7404375000,0.5424375000,4.8735000000
217.2284622192,0.7404375000,0.5426250000,4.8733125000
217.3275187016,0.7404375000,0.5426250000,4.8735000000
217.4274897575,0.7404375000,0.5422500000,4.8735000000
217.5274636745,0.7406250000,0.5426250000,4.8735000000
217.6274840832,0.7402500000,0.5420625000,4.8735000000
217.7274813652,0.7402500000,0.5420625000,4.8736875000
217.8274645805,0.7406250000,0.5426250000,4.8735000000
217.9276387691,0.7406250000,0.5422500000,4.8735000000
218.0275056362,0.7404375000,0.5418750000,4.8735000000
218.1276223660,0.7406250000,0.5422500000,4.8736875000
218.2274303436,0.7406250000,0.5420625000,4.8735000000
218.3274357319,0.7406250000,0.5422500000,4.8736875000
218.4286148548,0.7406250000,0.5420625000,4.8716250000
218.5274767876,0.7404375000,0.5426250000,4.8735000000
218.6276066303,0.7402500000,0.5420625000,4.8733125000
218.7276184559,0.7406250000,0.5424375000,4.8735000000
218.8276269436,0.7404375000,0.5420625000,4.8736875000
218.9274230003,0.7404375000,0.5422500000,4.8735000000
219.0274026394,0.7406250000,0.5416875000,4.8735000000
219.1276555061,0.7408125000,0.5422500000,4.8735000000
219.2274022102,0.7408125000,0.5420625000,4.8735000000
219.3274207115,0.7404375000,0.5428125000,4.8735000000
219.4274458885,0.7408125000,0.5430000000,4.8735000000
219.5274164677,0.7408125000,0.5420625000,4.8735000000
219.6274714470,0.7406250000,0.5422500000,4.8735000000
219.7282731533,0.7408125000,0.5422500000,4.8735000000
219.8276083469,0.7404375000,0.5422500000,4.8735000000
219.9274644852,0.7410000000,0.5418750000,4.8735000000
220.0274507999,0.7408125000,0.5426250000,4.8735000000
220.1276276112,0.7408125000,0.5428125000,4.8735000000
220.2276170254,0.7406250000,0.5430000000,4.8733125000
220.3274705410,0.7408125000,0.5418750000,4.8735000000
220.4274561405,0.7410000000,0.5418750000,4.8735000000
220.5274372101,0.7408125000,0.5420625000,4.8735000000
220.6274209023,0.7406250000,0.5418750000,4.8738750000
220.7274434566,0.7406250000,0.5422500000,4.8736875000
220.8274238110,0.7408125000,0.5420625000,4.8735000000
220.9274525642,0.7408125000,0.5422500000,4.8736875000
221.0274291039,0.7410000000,0.5424375000,4.8736875000
221.1276345253,0.7410000000,0.5428125000,4.8736875000
221.2275094986,0.7408125000,0.5424375000,4.8735000000
221.3274407387,0.7408125000,0.5418750000,4.8735000000
221.4274559021,0.7408125000,0.5418750000,4.8735000000
221.5274727345,0.7408125000,0.5424375000,4.8735000000
221.6274170876,0.7410000000,0.5426250000,4.8733125000
221.7276191711,0.7408125000,0.5418750000,4.8735000000
221.8275775909,0.7408125000,0.5424375000,4.8735000000
221.9274361134,0.7408125000,0.5422500000,4.8735000000
222.0274515152,0.7410000000,0.5428125000,4.8733125000
222.1276111603,0.7411875000,0.5422500000,4.8735000000
222.2274458408,0.7408125000,0.5424375000,4.8733125000
222.3274562359,0.7410000000,0.5422500000,4.8733125000
222.4276211262,0.7408125000,0.5428125000,4.8735000000
222.5274419785,0.7408125000,0.5424375000,4.8733125000
222.6274445057,0.7410000000,0.5431875000,4.8735000000
222.7274422646,0.7410000000,0.5422500000,4.8735000000
222.8275537491,0.7411875000,0.5431875000,4.8735000000
222.9276304245,0.7410000000,0.5420625000,4.8735000000
223.0274956226,0.7411875000,0.5428125000,4.8735000000
223.1276063919,0.7411875000,0.5422500000,4.8735000000
223.2276384830,0.7408125000,0.5416875000,4.8735000000
223.3275063038,0.7411875000,0.5426250000,4.8735000000
223.4274256229,0.7411875000,0.5424375000,4.8735000000
223.5274167061,0.7410000000,0.5431875000,4.8736875000
223.6274168491,0.7410000000,0.5422500000,4.8736875000
223.7276356220,0.7411875000,0.5426250000,4.8736875000
223.8274736404,0.7411875000,0.5422500000,4.8735000000
223.9274573326,0.7411875000,0.5430000000,4.8735000000
224.0274848938,0.7411875000,0.5422500000,4.8735000000
224.1276483536,0.7411875000,0.5418750000,4.8735000000
224.2274277210,0.7411875000,0.5420625000,4.8716250000
224.3274877071,0.7411875000,0.5431875000,4.8735000000
224.4274272919,0.7410000000,0.5418750000,4.8735000000
224.5274512768,0.7413750000,0.5430000000,4.8735000000
224.6274456978,0.7411875000,0.5418750000,4.8735000000
224.7276613712,0.7413750000,0.5433750000,4.8735000000
224.8275527954,0.7410000000,0.5435625000,4.8735000000
224.9274628162,0.7413750000,0.5428125000,4.8735000000
225.0286514759,0.7411875000,0.5420625000,4.8735000000
225.1276185513,0.7411875000,0.5420625000,4.8735000000
225.2274196148,0.7415625000,0.5428125000,4.8735000000
225.3274836540,0.7413750000,0.5435625000,4.8735000000
225.4274511337,0.7410000000,0.5431875000,4.8735000000
225.5274181366,0.7413750000,0.5422500000,4.8735000000
225.6274402142,0.7413750000,0.5430000000,4.8735000000
225.7274589539,0.7415625000,0.5420625000,4.8735000000
225.8274297714,0.7411875000,0.5424375000,4.8735000000
225.9274117947,0.7413750000,0.5431875000,4.8735000000
226.0274162292,0.7413750000,0.5428125000,4.8735000000
226.1275968552,0.7415625000,0.5431875000,4.8735000000
226.2276287079,0.7415625000,0.5420625000,4.8735000000
226.3288192749,0.7413750000,0.5428125000,4.8735000000
226.4276080132,0.7413750000,0.5422500000,4.8735000000
226.5274310112,0.7415625000,0.5428125000,4.8736875000
226.6274561882,0.7415625000,0.5420625000,4.8735000000
226.7274096012,0.7415625000,0.5428125000,4.8736875000
226.8274676800,0.7417500000,0.5418750000,4.8736875000
226.9274659157,0.7415625000,0.5420625000,4.8735000000
227.0274229050,0.7411875000,0.5437500000,4.8727500000
227.1276156902,0.7415625000,0.5430000000,4.8733125000
227.2274193764,0.7417500000,0.5422500000,4.8735000000
227.3274128437,0.7417500000,0.5422500000,4.8735000000
227.4274787903,0.7415625000,0.5422500000,4.8735000000
227.5274655819,0.7411875000,0.5424375000,4.8735000000
227.6275944710,0.7415625000,0.5422500000,4.8733125000
227.7276117802,0.7417500000,0.5420625000,4.8735000000
227.8275070190,0.7413750000,0.5420625000,4.8735000000
227.9276466370,0.7415625000,0.5426250000,4.8735000000
228.0274951458,0.7417500000,0.5424375000,4.8735000000
228.1276299953,0.7415625000,0.5422500000,4.8735000000
228.2275061607,0.7413750000,0.5418750000,4.8735000000
228.3275063038,0.7415625000,0.5424375000,4.8733125000
228.4275181293,0.7417500000,0.5420625000,4.8735000000
228.5274715424,0.7419375000,0.5422500000,4.8735000000
228.6275799274,0.7417500000,0.5428125000,4.8733125000
228.7275974751,0.7415625000,0.5422500000,4.8733125000
228.8274891376,0.7417500000,0.5428125000,4.8735000000
228.9274477959,0.7415625000,0.5424375000,4.8735000000
229.0276196003,0.7415625000,0.5428125000,4.8738750000
229.1276211739,0.7417500000,0.5422500000,4.8735000000
229.2276329994,0.7417500000,0.5422500000,4.8736875000
229.3274786472,0.7417500000,0.5422500000,4.8735000000
229.4274823666,0.7417500000,0.5426250000,4.8735000000
229.5275051594,0.7417500000,0.5428125000,4.8736875000
229.6275393963,0.7417500000,0.5422500000,4.8735000000
229.7274773121,0.7419375000,0.5420625000,4.8712500000
229.8275420666,0.7417500000,0.5428125000,4.8735000000
229.9275007248,0.7419375000,0.5420625000,4.8735000000
230.0274813175,0.7417500000,0.5422500000,4.8735000000
230.1276869774,0.7419375000,0.5420625000,4.8735000000
230.2275297642,0.7417500000,0.5418750000,4.8735000000
230.3289802074,0.7419375000,0.5420625000,4.8735000000
230.4275665283,0.7417500000,0.5428125000,4.8735000000
230.5275247097,0.7417500000,0.5422500000,4.8735000000
230.6274802685,0.7417500000,0.5431875000,4.8735000000
230.7276077271,0.7415625000,0.5422500000,4.8735000000
230.8276095390,0.7419375000,0.5422500000,4.8735000000
230.9274201393,0.7419375000,0.5418750000,4.8735000000
231.0274283886,0.7421250000,0.5428125000,4.8733125000
231.1276245117,0.7419375000,0.5424375000,4.8735000000
231.2274229527,0.7419375000,0.5430000000,4.8733125000
231.3274128437,0.7419375000,0.5428125000,4.8735000000
231.4274270535,0.7421250000,0.5420625000,4.8735000000
231.5274183750,0.7419375000,0.5420625000,4.8735000000
231.6277761459,0.7419375000,0.5422500000,4.8733125000
231.7275843620,0.7419375000,0.5422500000,4.8736875000
231.8274564743,0.7421250000,0.5428125000,4.8736875000
231.9274435043,0.7421250000,0.5422500000,4.8736875000
232.0274000168,0.7421250000,0.5422500000,4.8736875000
232.1276071072,0.7421250000,0.5422500000,4.8736875000
232.2276144028,0.7421250000,0.5422500000,4.8736875000
232.3276073933,0.7423125000,0.5418750000,4.8736875000
232.4274613857,0.7417500000,0.5420625000,4.8735000000
232.5274746418,0.7421250000,0.5422500000,4.8733125000
232.6274857521,0.7421250000,0.5430000000,4.8736875000
232.7274878025,0.7419375000,0.5428125000,4.8735000000
232.8274891376,0.7421250000,0.5422500000,4.8735000000
232.9276275635,0.7419375000,0.5422500000,4.8735000000
233.0276107788,0.7419375000,0.5420625000,4.8735000000
233.1276152134,0.7419375000,0.5424375000,4.8735000000
233.2274773121,0.7421250000,0.5426250000,4.8735000000
233.3274402618,0.7421250000,0.5420625000,4.8735000000
233.4274382591,0.7423125000,0.5418750000,4.8735000000
233.5274419785,0.7419375000,0.5416875000,4.8735000000
233.6274569035,0.7421250000,0.5422500000,4.8735000000
233.7276396751,0.7423125000,0.5422500000,4.8735000000
233.8274600506,0.7423125000,0.5428125000,4.8733125000
233.9274284840,0.7423125000,0.5424375000,4.8735000000
234.0274319649,0.7421250000,0.5424375000,4.8735000000
234.1276092529,0.7423125000,0.5428125000,4.8735000000
234.2274534702,0.7423125000,0.5424375000,4.8735000000
234.3289775848,0.7423125000,0.5422500000,4.8735000000
234.4275202751,0.7421250000,0.5422500000,4.8735000000
234.5274956226,0.7421250000,0.5426250000,4.8735000000
234.6274523735,0.7423125000,0.5428125000,4.8735000000
234.7275257111,0.7423125000,0.5428125000,4.8735000000
234.8275008202,0.7423125000,0.5416875000,4.8736875000
234.9275746346,0.7423125000,0.5424375000,4.8735000000
235.0274443626,0.7425000000,0.5426250000,4.8735000000
235.1276011467,0.7425000000,0.5430000000,4.8736875000
235.2276453972,0.7425000000,0.5426250000,4.8736875000
235.3274693489,0.7421250000,0.5424375000,4.8731250000
235.4274480343,0.7425000000,0.5426250000,4.8735000000
235.5274443626,0.7421250000,0.5428125000,4.8735000000
235.6274216175,0.7426875000,0.5418750000,4.8735000000
235.7276115417,0.7421250000,0.5428125000,4.8735000000
235.8275949955,0.7423125000,0.5420625000,4.8735000000
235.9274578094,0.7426875000,0.5430000000,4.8735000000
236.0274496078,0.7426875000,0.5426250000,4.8733125000
236.1275951862,0.7423125000,0.5431875000,4.8735000000
236.2274370193,0.7425000000,0.5435625000,4.8735000000
236.3274536133,0.7423125000,0.5431875000,4.8735000000
236.4274222851,0.7425000000,0.5433750000,4.8735000000
236.5274507999,0.7423125000,0.5433750000,4.8735000000
236.6274876595,0.7426875000,0.5424375000,4.8735000000
236.7276332378,0.7425000000,0.5435625000,4.8735000000
236.8275053501,0.7426875000,0.5424375000,4.8735000000
236.9274241924,0.7425000000,0.5426250000,4.8735000000
237.0281858444,0.7425000000,0.5433750000,4.8735000000
237.1276304722,0.7425000000,0.5422500000,4.8735000000
237.2274444103,0.7425000000,0.5431875000,4.8736875000
237.3274385929,0.7426875000,0.5428125000,4.8736875000
237.4274275303,0.7426875000,0.5428125000,4.8735000000
237.5274426937,0.7426875000,0.5433750000,4.8735000000
237.6274352074,0.7426875000,0.5431875000,4.8735000000
237.7274818420,0.7428750000,0.5428125000,4.8735000000
237.8275032043,0.7430625000,0.5431875000,4.8735000000
237.9276244640,0.7428750000,0.5431875000,4.8733125000
238.0274715424,0.7428750000,0.5428125000,4.8733125000
238.1276123524,0.7426875000,0.5433750000,4.8735000000
238.2276177406,0.7425000000,0.5422500000,4.8735000000
238.3286931515,0.7426875000,0.5426250000,4.8735000000
238.4276251793,0.7426875000,0.5422500000,4.8735000000
238.5274753571,0.7426875000,0.5431875000,4.8735000000
238.6274771690,0.7426875000,0.5437500000,4.8735000000
238.7274661064,0.7430625000,0.5426250000,4.8735000000
238.8275082111,0.7426875000,0.5422500000,4.8735000000
238.9275152683,0.7428750000,0.5430000000,4.8735000000
239.0274178982,0.7428750000,0.5431875000,4.8735000000
239.1276025772,0.7428750000,0.5431875000,4.8735000000
239.2274346352,0.7428750000,0.5435625000,4.8736875000
239.3274176121,0.7426875000,0.5431875000,4.8735000000
239.4274225235,0.7426875000,0.5435625000,4.8735000000
239.5274617672,0.7430625000,0.5430000000,4.8735000000
239.6274695396,0.7426875000,0.5435625000,4.8733125000
239.7276194096,0.7428750000,0.5433750000,4.8735000000
239.8274683952,0.7430625000,0.5431875000,4.8736875000
239.9275107384,0.7430625000,0.5428125000,4.8735000000
240.0274364948,0.7430625000,0.5426250000,4.8735000000
240.1276223660,0.7430625000,0.5430000000,4.8736875000
240.2274696827,0.7430625000,0.5435625000,4.8735000000
240.3274903297,0.7430625000,0.5426250000,4.8735000000
240.4274227619,0.7430625000,0.5430000000,4.8735000000
240.5274419785,0.7426875000,0.5437500000,4.8729375000
240.6275002956,0.7430625000,0.5435625000,4.8735000000
240.7274987698,0.7426875000,0.5431875000,4.8735000000
240.8275363445,0.7432500000,0.5428125000,4.8736875000
240.9275181293,0.7428750000,0.5430000000,4.8735000000
241.0276830196,0.7430625000,0.5433750000,4.8735000000
241.1276361942,0.7428750000,0.5435625000,4.8735000000
241.2277703285,0.7432500000,0.5431875000,4.8735000000
241.3276109695,0.7428750000,0.5431875000,4.8733125000
241.4274966717,0.7430625000,0.5433750000,4.8735000000
241.5274791718,0.7430625000,0.5431875000,4.8735000000
241.6274821758,0.7432500000,0.5430000000,4.8735000000
241.7276084423,0.7430625000,0.5431875000,4.8735000000
241.8275158405,0.7432500000,0.5431875000,4.8735000000
241.9274981022,0.7430625000,0.5428125000,4.8735000000
242.0275304317,0.7432500000,0.5433750000,4.8735000000
242.1276302338,0.7432500000,0.5426250000,4.8735000000
242.2274792194,0.7434375000,0.5431875000,4.8735000000
242.3274688721,0.7430625000,0.5426250000,4.8735000000
242.4277417660,0.7432500000,0.5435625000,4.8733125000
242.5275230408,0.7432500000,0.5435625000,4.8735000000
242.6275098324,0.7432500000,0.5426250000,4.8736875000
242.7282731533,0.7432500000,0.5431875000,4.8736875000
242.8277924061,0.7432500000,0.5430000000,4.8735000000
242.9285073280,0.7432500000,0.5431875000,4.8735000000
243.0276720524,0.7432500000,0.5435625000,4.8735000000
243.1277830601,0.7434375000,0.5424375000,4.8735000000
243.2274856567,0.7434375000,0.5430000000,4.8736875000
243.3274915218,0.7428750000,0.5433750000,4.8720000000
243.4275803566,0.7432500000,0.5424375000,4.8735000000
243.5275571346,0.7432500000,0.5420625000,4.8735000000
243.6274390221,0.7434375000,0.5426250000,4.8733125000
243.7274825573,0.7432500000,0.5428125000,4.8735000000
243.8276145458,0.7432500000,0.5420625000,4.8735000000
243.9274256229,0.7432500000,0.5424375000,4.8733125000
244.0274372101,0.7432500000,0.5426250000,4.8735000000
244.1276531219,0.7436250000,0.5422500000,4.8735000000
244.2276461124,0.7434375000,0.5422500000,4.8735000000
244.3274855614,0.7434375000,0.5424375000,4.8735000000
244.4274389744,0.7434375000,0.5422500000,4.8735000000
244.5274343491,0.7436250000,0.5424375000,4.8735000000
244.6274442673,0.7432500000,0.5422500000,4.8735000000
244.7274093628,0.7430625000,0.5424375000,4.8735000000
244.8274185658,0.7436250000,0.5424375000,4.8735000000
244.9277772903,0.7434375000,0.5426250000,4.8735000000
245.0276784897,0.7432500000,0.5426250000,4.8735000000
245.1277945042,0.7434375000,0.5416875000,4.8735000000
245.2274596691,0.7436250000,0.5422500000,4.8736875000
245.3274416924,0.7434375000,0.5424375000,4.8735000000
245.4274442196,0.7432500000,0.5422500000,4.8736875000
245.5274357796,0.7436250000,0.5424375000,4.8736875000
245.6275527477,0.7436250000,0.5422500000,4.8736875000
245.7276709080,0.7436250000,0.5431875000,4.8736875000
245.8274695873,0.7436250000,0.5420625000,4.8736875000
245.9274573326,0.7434375000,0.5424375000,4.8733125000
246.0274453163,0.7432500000,0.5426250000,4.8735000000
246.1276571751,0.7434375000,0.5424375000,4.8733125000
246.2274596691,0.7436250000,0.5426250000,4.8735000000
246.3274567127,0.7436250000,0.5422500000,4.8735000000
246.4279768467,0.7436250000,0.5428125000,4.8735000000
246.5275850296,0.7436250000,0.5424375000,4.8735000000
246.6274414062,0.7436250000,0.5426250000,4.8735000000
246.7274792194,0.7436250000,0.5424375000,4.8735000000
246.8275034428,0.7438125000,0.5422500000,4.8735000000
246.9274086952,0.7436250000,0.5428125000,4.8736875000
247.0274677277,0.7436250000,0.5426250000,4.8735000000
247.1275899410,0.7434375000,0.5424375000,4.8735000000
247.2276442051,0.7436250000,0.5428125000,4.8733125000
247.3274815083,0.7436250000,0.5431875000,4.8735000000
247.4274361134,0.7438125000,0.5430000000,4.8735000000
247.5274374485,0.7440000000,0.5428125000,4.8735000000
247.6274130344,0.7440000000,0.5431875000,4.8735000000
247.7274601460,0.7438125000,0.5422500000,4.8735000000
247.8277170658,0.7438125000,0.5431875000,4.8735000000
247.9276499748,0.7438125000,0.5422500000,4.8736875000
248.0275022984,0.7438125000,0.5428125000,4.8735000000
248.1276707649,0.7438125000,0.5430000000,4.8736875000
248.2274715900,0.7440000000,0.5428125000,4.8736875000
248.3274497986,0.7440000000,0.5430000000,4.8735000000
248.4274430275,0.7440000000,0.5418750000,4.8735000000
248.5274631977,0.7440000000,0.5422500000,4.8735000000
248.6274459362,0.7434375000,0.5428125000,4.8729375000
248.7276391983,0.7440000000,0.5426250000,4.8735000000
248.8274936676,0.7438125000,0.5422500000,4.8735000000
248.9274351597,0.7438125000,0.5416875000,4.8736875000
249.0274183750,0.7438125000,0.5435625000,4.8735000000
249.1279714108,0.7441875000,0.5424375000,4.8735000000
249.2274458408,0.7436250000,0.5428125000,4.8735000000
249.3274555206,0.7440000000,0.5420625000,4.8735000000
249.4274213314,0.7440000000,0.5430000000,4.8735000000
249.5274288654,0.7440000000,0.5420625000,4.8733125000
249.6275980473,0.7440000000,0.5422500000,4.8735000000
249.7274513245,0.7440000000,0.5422500000,4.8735000000
249.8274967670,0.7440000000,0.5424375000,4.8735000000
249.9274520874,0.7441875000,0.5418750000,4.8735000000
250.0274229050,0.7441875000,0.5422500000,4.8735000000
250.1275897026,0.7440000000,0.5415000000,4.8735000000
250.2276284695,0.7441875000,0.5418750000,4.8735000000
250.3275341988,0.7441875000,0.5422500000,4.8735000000
250.4286360741,0.7441875000,0.5422500000,4.8735000000
250.5275950432,0.7441875000,0.5422500000,4.8735000000
250.6274271011,0.7441875000,0.5422500000,4.8736875000
250.7274007797,0.7441875000,0.5415000000,4.8735000000
250.8274731636,0.7441875000,0.5420625000,4.8736875000
250.9274337292,0.7443750000,0.5426250000,4.8735000000
251.0274503231,0.7441875000,0.5430000000,4.8736875000
251.1276018620,0.7443750000,0.5422500000,4.8736875000
251.2274308205,0.7441875000,0.5422500000,4.8735000000
251.3274745941,0.7441875000,0.5420625000,4.8733125000
251.4274723530,0.7441875000,0.5420625000,4.8736875000
251.5274322033,0.7440000000,0.5422500000,4.8733125000
251.6274576187,0.7441875000,0.5426250000,4.8735000000
251.7279083729,0.7441875000,0.5424375000,4.8735000000
251.8275992870,0.7443750000,0.5430000000,4.8735000000
251.9274497032,0.7443750000,0.5418750000,4.8735000000
252.0275430679,0.7443750000,0.5422500000,4.8735000000
252.1276197433,0.7443750000,0.5428125000,4.8735000000
252.2274327278,0.7445625000,0.5418750000,4.8735000000
252.3274121284,0.7445625000,0.5426250000,4.8735000000
252.4275054932,0.7443750000,0.5424375000,4.8735000000
252.5274004936,0.7441875000,0.5424375000,4.8735000000
252.6274092197,0.7445625000,0.5418750000,4.8735000000
252.7274363041,0.7445625000,0.5431875000,4.8735000000
252.8277277946,0.7443750000,0.5426250000,4.8735000000
252.9277410507,0.7441875000,0.5426250000,4.8735000000
253.0274834633,0.7443750000,0.5422500000,4.8738750000
253.1276669502,0.7443750000,0.5424375000,4.8736875000
253.2276804447,0.7445625000,0.5433750000,4.8736875000
253.3274867535,0.7443750000,0.5426250000,4.8735000000
253.4275076389,0.7445625000,0.5424375000,4.8736875000
253.5274703503,0.7443750000,0.5424375000,4.8736875000
253.6274943352,0.7445625000,0.5424375000,4.8735000000
253.7274694443,0.7445625000,0.5418750000,4.8716250000
253.8275027275,0.7445625000,0.5415000000,4.8735000000
253.9274635315,0.7441875000,0.5422500000,4.8733125000
254.0275118351,0.7445625000,0.5422500000,4.8735000000
254.1276237965,0.7443750000,0.5422500000,4.8736875000
254.2274873257,0.7443750000,0.5422500000,4.8735000000
254.3274698257,0.7443750000,0.5420625000,4.8735000000
254.4286541939,0.7443750000,0.5415000000,4.8735000000
254.5275540352,0.7445625000,0.5426250000,4.8735000000
254.6275753975,0.7443750000,0.5416875000,4.8733125000
254.7277097702,0.7445625000,0.5422500000,4.8735000000
254.8275458813,0.7447500000,0.5426250000,4.8735000000
254.9276456833,0.7445625000,0.5422500000,4.8735000000
255.0275213718,0.7447500000,0.5426250000,4.8736875000
255.1277751923,0.7447500000,0.5418750000,4.8735000000
255.2275564671,0.7445625000,0.5420625000,4.8736875000
255.3275103569,0.7447500000,0.5424375000,4.8735000000
255.4274809361,0.7449375000,0.5418750000,4.8735000000
255.5276212692,0.7445625000,0.5422500000,4.8735000000
255.6274516582,0.7447500000,0.5430000000,4.8735000000
255.7275934219,0.7447500000,0.5430000000,4.8735000000
255.8292849064,0.7449375000,0.5418750000,4.8736875000
255.9275572300,0.7447500000,0.5418750000,4.8736875000
256.0274631977,0.7447500000,0.5422500000,4.8735000000
256.1277544498,0.7447500000,0.5420625000,4.8735000000
256.2276465893,0.7447500000,0.5430000000,4.8736875000
256.3274950981,0.7449375000,0.5422500000,4.8736875000
256.4275467396,0.7447500000,0.5426250000,4.8733125000
256.5275917053,0.7445625000,0.5422500000,4.8735000000
256.6275081635,0.7447500000,0.5422500000,4.8735000000
256.7274355888,0.7451250000,0.5426250000,4.8735000000
256.8274629116,0.7449375000,0.5422500000,4.8735000000
256.9274144173,0.7447500000,0.5426250000,4.8735000000
257.0274493694,0.7449375000,0.5415000000,4.8733125000
257.1276195049,0.7451250000,0.5424375000,4.8735000000
257.2276098728,0.7449375000,0.5422500000,4.8735000000
257.3274574280,0.7449375000,0.5422500000,4.8735000000
257.4274754524,0.7449375000,0.5426250000,4.8735000000
257.5274248123,0.7449375000,0.5430000000,4.8735000000
257.6275427341,0.7449375000,0.5430000000,4.8735000000
257.7276542187,0.7449375000,0.5430000000,4.8735000000
257.8274574280,0.7449375000,0.5426250000,4.8735000000
257.9276483059,0.7451250000,0.5422500000,4.8735000000
258.0274889469,0.7451250000,0.5426250000,4.8735000000
258.1276097298,0.7447500000,0.5422500000,4.8735000000
258.2275774479,0.7451250000,0.5422500000,4.8735000000
258.3274309635,0.7449375000,0.5430000000,4.8735000000
258.4275860786,0.7451250000,0.5430000000,4.8735000000
258.5286295414,0.7451250000,0.5418750000,4.8736875000
258.6276030540,0.7451250000,0.5418750000,4.8735000000
258.7274713516,0.7451250000,0.5424375000,4.8735000000
258.8275232315,0.7453125000,0.5430000000,4.8735000000
258.9274268150,0.7451250000,0.5433750000,4.8735000000
259.0274114609,0.7451250000,0.5433750000,4.8736875000
259.1276135445,0.7447500000,0.5426250000,4.8733125000
259.2276530266,0.7451250000,0.5426250000,4.8735000000
259.3274605274,0.7453125000,0.5420625000,4.8735000000
259.4274489880,0.7451250000,0.5435625000,4.8733125000
259.5275764465,0.7453125000,0.5433750000,4.8735000000
259.6275169849,0.7453125000,0.5430000000,4.8733125000
259.7275967598,0.7453125000,0.5431875000,4.8735000000
259.8274285793,0.7451250000,0.5422500000,4.8735000000
259.9275670052,0.7453125000,0.5418750000,4.8735000000
260.0274648666,0.7451250000,0.5428125000,4.8735000000
260.1276135445,0.7451250000,0.5420625000,4.8735000000
260.2274222374,0.7451250000,0.5431875000,4.8735000000
260.3274395466,0.7453125000,0.5420625000,4.8735000000
260.4274227619,0.7453125000,0.5430000000,4.8735000000
260.5274395943,0.7451250000,0.5431875000,4.8735000000
260.6276011467,0.7453125000,0.5431875000,4.8735000000
260.7277996540,0.7453125000,0.5431875000,4.8736875000
260.8274893761,0.7451250000,0.5433750000,4.8735000000
260.9274556637,0.7453125000,0.5424375000,4.8735000000
261.0274457932,0.7453125000,0.5430000000,4.8736875000
261.1275987625,0.7453125000,0.5431875000,4.8735000000
261.2280035019,0.7455000000,0.5428125000,4.8736875000
261.3274474144,0.7455000000,0.5418750000,4.8735000000
261.4274196625,0.7453125000,0.5430000000,4.8736875000
261.5274498463,0.7455000000,0.5420625000,4.8735000000
261.6274664402,0.7455000000,0.5420625000,4.8736875000
261.7274580002,0.7451250000,0.5422500000,4.8729375000
261.8275930882,0.7453125000,0.5418750000,4.8733125000
261.9274415970,0.7451250000,0.5418750000,4.8735000000
262.0274267197,0.7453125000,0.5426250000,4.8735000000
262.1275904179,0.7453125000,0.5420625000,4.8735000000
262.2276601791,0.7455000000,0.5430000000,4.8735000000
262.3274869919,0.7453125000,0.5426250000,4.8735000000
262.4275097847,0.7455000000,0.5420625000,4.8735000000
262.5290503502,0.7456875000,0.5422500000,4.8735000000
262.6275913715,0.7456875000,0.5424375000,4.8735000000
262.7274227142,0.7456875000,0.5420625000,4.8735000000
262.8275651932,0.7455000000,0.5428125000,4.8735000000
262.9276804924,0.7453125000,0.5420625000,4.8735000000
263.0275254250,0.7456875000,0.5424375000,4.8735000000
263.1276106834,0.7455000000,0.5431875000,4.8735000000
263.2274208069,0.7456875000,0.5422500000,4.8735000000
263.3274455070,0.7456875000,0.5428125000,4.8735000000
263.4274260998,0.7455000000,0.5424375000,4.8735000000
263.5275304317,0.7456875000,0.5418750000,4.8735000000
263.6274964809,0.7456875000,0.5422500000,4.8735000000
263.7276988029,0.7455000000,0.5424375000,4.8735000000
263.8276143074,0.7456875000,0.5431875000,4.8735000000
263.9276223183,0.7456875000,0.5426250000,4.8735000000
264.0274429321,0.7456875000,0.5430000000,4.8735000000
264.1275982857,0.7458750000,0.5426250000,4.8735000000
264.2274539471,0.7456875000,0.5424375000,4.8735000000
264.3274307251,0.7458750000,0.5420625000,4.8735000000
264.4274554253,0.7455000000,0.5433750000,4.8733125000
264.5274305344,0.7458750000,0.5424375000,4.8736875000
264.6274373531,0.7456875000,0.5426250000,4.8735000000
264.7275784016,0.7455000000,0.5420625000,4.8735000000
264.8274822235,0.7458750000,0.5431875000,4.8735000000
264.9275927544,0.7458750000,0.5422500000,4.8735000000
265.0274348259,0.7458750000,0.5420625000,4.8735000000
265.1276021004,0.7456875000,0.5420625000,4.8735000000
265.2286076546,0.7458750000,0.5418750000,4.8733125000
265.3274447918,0.7456875000,0.5422500000,4.8735000000
265.4274682999,0.7458750000,0.5430000000,4.8735000000
265.5274085999,0.7462500000,0.5418750000,4.8735000000
265.6274089813,0.7458750000,0.5428125000,4.8735000000
265.7274868488,0.7460625000,0.5422500000,4.8735000000
265.8274459839,0.7458750000,0.5418750000,4.8735000000
265.9274978638,0.7458750000,0.5422500000,4.8735000000
266.0274479389,0.7460625000,0.5426250000,4.8735000000
266.1276347637,0.7458750000,0.5420625000,4.8733125000
266.2275235653,0.7458750000,0.5418750000,4.8735000000
266.3274538517,0.7460625000,0.5426250000,4.8736875000
266.4274895191,0.7458750000,0.5424375000,4.8735000000
266.5287852287,0.7458750000,0.5422500000,4.8735000000
266.6278381348,0.7460625000,0.5420625000,4.8736875000
266.7276802063,0.7460625000,0.5426250000,4.8736875000
266.8276758194,0.7460625000,0.5422500000,4.8735000000
266.9275293350,0.7458750000,0.5422500000,4.8720000000
267.0274999142,0.7460625000,0.5420625000,4.8733125000
267.1277477741,0.7460625000,0.5418750000,4.8735000000
267.2278592587,0.7460625000,0.5422500000,4.8733125000
267.3277862072,0.7460625000,0.5422500000,4.8735000000
267.4276556969,0.7460625000,0.5422500000,4.8735000000
267.5277280807,0.7462500000,0.5418750000,4.8735000000
267.6275541782,0.7458750000,0.5415000000,4.8733125000
267.7276062965,0.7458750000,0.5420625000,4.8735000000
267.8275227547,0.7462500000,0.5422500000,4.8735000000
267.9288756847,0.7460625000,0.5420625000,4.8735000000
268.0276298523,0.7462500000,0.5420625000,4.8735000000
268.1276705265,0.7458750000,0.5420625000,4.8735000000
268.2276713848,0.7460625000,0.5418750000,4.8735000000
268.3274767399,0.7460625000,0.5420625000,4.8735000000
268.4276449680,0.7460625000,0.5420625000,4.8735000000
268.5275826454,0.7462500000,0.5418750000,4.8735000000
268.6286542416,0.7460625000,0.5418750000,4.8735000000
268.7276737690,0.7462500000,0.5415000000,4.8735000000
268.8274717331,0.7464375000,0.5422500000,4.8735000000
268.9275615215,0.7462500000,0.5418750000,4.8736875000
269.0275154114,0.7462500000,0.5420625000,4.8735000000
269.1276130676,0.7460625000,0.5418750000,4.8736875000
269.2275276184,0.7462500000,0.5418750000,4.8736875000
269.3291640282,0.7462500000,0.5422500000,4.8735000000
269.4276094437,0.7464375000,0.5422500000,4.8736875000
269.5274217129,0.7462500000,0.5418750000,4.8736875000
269.6275005341,0.7456875000,0.5422500000,4.8721875000
269.7276520729,0.7458750000,0.5415000000,4.8735000000
269.8275685310,0.7462500000,0.5426250000,4.8735000000
269.9275326729,0.7462500000,0.5420625000,4.8735000000
270.0274462700,0.7464375000,0.5416875000,4.8735000000
270.1276276112,0.7462500000,0.5422500000,4.8735000000
270.2274980545,0.7462500000,0.5424375000,4.8733125000
270.3275091648,0.7462500000,0.5418750000,4.8735000000
270.4274246693,0.7462500000,0.5416875000,4.8735000000
270.5274074078,0.7462500000,0.5420625000,4.8735000000
270.6274347305,0.7462500000,0.5416875000,4.8733125000
270.7276244164,0.7466250000,0.5418750000,4.8735000000
270.8275213242,0.7460625000,0.5422500000,4.8735000000
270.9274299145,0.7462500000,0.5418750000,4.8735000000
271.0274376869,0.7462500000,0.5422500000,4.8735000000
271.1276445389,0.7462500000,0.5416875000,4.8735000000
271.2276630402,0.7466250000,0.5422500000,4.8735000000
271.3275561333,0.7464375000,0.5415000000,4.8733125000
271.4276053905,0.7462500000,0.5418750000,4.8735000000
271.5274386406,0.7462500000,0.5420625000,4.8733125000
271.6274220943,0.7464375000,0.5418750000,4.8735000000
271.7274198532,0.7464375000,0.5418750000,4.8735000000
271.8274340630,0.7466250000,0.5418750000,4.8736875000
271.9274387360,0.7466250000,0.5416875000,4.8736875000
272.0282633305,0.7464375000,0.5422500000,4.8736875000
272.1276414394,0.7466250000,0.5424375000,4.8736875000
272.2275195122,0.7466250000,0.5418750000,4.8736875000
272.3275463581,0.7460625000,0.5415000000,4.8721875000
272.4274213314,0.7466250000,0.5418750000,4.8733125000
272.5274176598,0.7466250000,0.5418750000,4.8735000000
272.6274592876,0.7468125000,0.5415000000,4.8735000000
272.7276577950,0.7464375000,0.5415000000,4.8735000000
272.8274900913,0.7466250000,0.5416875000,4.8735000000
272.9277009964,0.7466250000,0.5420625000,4.8735000000
273.0274965763,0.7468125000,0.5424375000,4.8735000000
273.1276090145,0.7470000000,0.5415000000,4.8735000000
273.2275085449,0.7464375000,0.5422500000,4.8735000000
273.3274250031,0.7466250000,0.5415000000,4.8735000000
273.4276111126,0.7466250000,0.5420625000,4.8735000000
273.5274498463,0.7466250000,0.5422500000,4.8735000000
273.6276280880,0.7470000000,0.5424375000,4.8735000000
273.7274315357,0.7464375000,0.5424375000,4.8735000000
273.8275926113,0.7464375000,0.5418750000,4.8733125000
273.9274089336,0.7468125000,0.5420625000,4.8735000000
274.0275681019,0.7470000000,0.5418750000,4.8735000000
274.1276009083,0.7468125000,0.5422500000,4.8735000000
274.2276482582,0.7468125000,0.5415000000,4.8736875000
274.3274729252,0.7468125000,0.5422500000,4.8736875000
274.4274778366,0.7464375000,0.5418750000,4.8735000000
274.5274639130,0.7468125000,0.5422500000,4.8735000000
274.6274392605,0.7468125000,0.5422500000,4.8735000000
274.7288105488,0.7468125000,0.5418750000,4.8735000000
274.8277153969,0.7468125000,0.5426250000,4.8735000000
274.9274208546,0.7470000000,0.5422500000,4.8733125000
275.0275037289,0.7466250000,0.5426250000,4.8733125000
275.1276035309,0.7468125000,0.5428125000,4.8735000000
275.2274320126,0.7466250000,0.5422500000,4.8733125000
275.3274607658,0.7468125000,0.5422500000,4.8735000000
275.4275481701,0.7470000000,0.5422500000,4.8735000000
275.5273978710,0.7468125000,0.5420625000,4.8735000000
275.6274831295,0.7470000000,0.5422500000,4.8735000000
275.7276751995,0.7468125000,0.5426250000,4.8735000000
275.8274817467,0.7471875000,0.5418750000,4.8735000000
275.9274461269,0.7468125000,0.5426250000,4.8735000000
276.0274128914,0.7468125000,0.5418750000,4.8735000000
276.1276776791,0.7468125000,0.5420625000,4.8735000000
276.2274656296,0.7466250000,0.5420625000,4.8735000000
276.3276252747,0.7470000000,0.5426250000,4.8735000000
276.4274435043,0.7468125000,0.5426250000,4.8735000000
276.5274245739,0.7470000000,0.5426250000,4.8735000000
276.6274278164,0.7468125000,0.5420625000,4.8735000000
276.7275691032,0.7470000000,0.5426250000,4.8735000000
276.8276667595,0.7471875000,0.5426250000,4.8735000000
276.9274847507,0.7470000000,0.5422500000,4.8735000000
277.0274398327,0.7470000000,0.5430000000,4.8733125000
277.1276080608,0.7470000000,0.5418750000,4.8736875000
277.2276630402,0.7470000000,0.5422500000,4.8736875000
277.3275024891,0.7470000000,0.5422500000,4.8736875000
277.4287469387,0.7470000000,0.5422500000,4.8736875000
277.5275871754,0.7470000000,0.5422500000,4.8735000000
277.6274552345,0.7471875000,0.5420625000,4.8736875000
277.7274296284,0.7470000000,0.5426250000,4.8735000000
277.8274595737,0.7468125000,0.5422500000,4.8733125000
277.9278094769,0.7471875000,0.5422500000,4.8735000000
278.0275230408,0.7471875000,0.5418750000,4.8735000000
278.1276042461,0.7471875000,0.5422500000,4.8735000000
278.2274484634,0.7470000000,0.5416875000,4.8735000000
278.3274271488,0.7471875000,0.5422500000,4.8735000000
278.4276642799,0.7471875000,0.5420625000,4.8735000000
278.5275924206,0.7473750000,0.5422500000,4.8735000000
278.6275789738,0.7471875000,0.5428125000,4.8735000000
278.7276659012,0.7470000000,0.5426250000,4.8735000000
278.8276479244,0.7470000000,0.5418750000,4.8735000000
278.9274685383,0.7471875000,0.5426250000,4.8735000000
279.0274739265,0.7471875000,0.5428125000,4.8735000000
279.1276242733,0.7471875000,0.5424375000,4.8735000000
279.2275278568,0.7471875000,0.5428125000,4.8735000000
279.3274674416,0.7471875000,0.5426250000,4.8735000000
279.4274847507,0.7471875000,0.5424375000,4.8735000000
279.5274562836,0.7471875000,0.5424375000,4.8735000000
279.6275596619,0.7473750000,0.5422500000,4.8735000000
279.7275953293,0.7471875000,0.5430000000,4.8735000000
279.8276302814,0.7471875000,0.5418750000,4.8735000000
279.9274649620,0.7473750000,0.5430000000,4.8736875000
280.0275714397,0.7473750000,0.5415000000,4.8735000000
280.1282966137,0.7473750000,0.5424375000,4.8735000000
280.2276942730,0.7473750000,0.5420625000,4.8735000000
280.3274967670,0.7473750000,0.5420625000,4.8735000000
280.4275059700,0.7468125000,0.5433750000,4.8733125000
280.5274732113,0.7473750000,0.5428125000,4.8735000000
280.6274752617,0.7471875000,0.5422500000,4.8733125000
280.7276179790,0.7477500000,0.5428125000,4.8735000000
280.8276021481,0.7471875000,0.5428125000,4.8735000000
280.9274709225,0.7473750000,0.5422500000,4.8735000000
281.0276405811,0.7473750000,0.5426250000,4.8735000000
281.1276257038,0.7471875000,0.5426250000,4.8735000000
281.2276096344,0.7473750000,0.5422500000,4.8735000000
281.3274748325,0.7471875000,0.5422500000,4.8733125000
281.4276325703,0.7473750000,0.5428125000,4.8735000000
281.5292389393,0.7473750000,0.5431875000,4.8735000000
281.6276073456,0.7475625000,0.5433750000,4.8735000000
281.7276582718,0.7473750000,0.5426250000,4.8733125000
281.8276002407,0.7473750000,0.5430000000,4.8735000000
281.9274344444,0.7473750000,0.5426250000,4.8735000000
282.0274152756,0.7477500000,0.5428125000,4.8733125000
282.1275980473,0.7475625000,0.5424375000,4.8735000000
282.2275919914,0.7473750000,0.5433750000,4.8735000000
282.3274562359,0.7475625000,0.5430000000,4.8735000000
282.4274256229,0.7475625000,0.5426250000,4.8736875000
282.5274500847,0.7473750000,0.5428125000,4.8735000000
282.6275782585,0.7475625000,0.5426250000,4.8735000000
282.7274117470,0.7475625000,0.5431875000,4.8735000000
282.8275675774,0.7475625000,0.5426250000,4.8736875000
282.9289517403,0.7475625000,0.5430000000,4.8735000000
283.0275578499,0.7475625000,0.5431875000,4.8735000000
283.1276164055,0.7477500000,0.5430000000,4.8718125000
283.2276523113,0.7475625000,0.5428125000,4.8733125000
283.3274657726,0.7477500000,0.5428125000,4.8735000000
283.4274625778,0.7477500000,0.5422500000,4.8735000000
283.5275545120,0.7475625000,0.5428125000,4.8735000000
283.6275303364,0.7473750000,0.5435625000,4.8735000000
283.7274193764,0.7477500000,0.5426250000,4.8735000000
283.8274333477,0.7477500000,0.5431875000,4.8735000000
283.9274311066,0.7475625000,0.5428125000,4.8735000000
284.0274529457,0.7475625000,0.5430000000,4.8735000000
284.1276085377,0.7475625000,0.5431875000,4.8735000000
284.2274065018,0.7477500000,0.5437500000,4.8735000000
284.3275954723,0.7477500000,0.5431875000,4.8735000000
284.4274482727,0.7475625000,0.5422500000,4.8735000000
284.5274238586,0.7475625000,0.5437500000,4.8735000000
284.6274833679,0.7475625000,0.5426250000,4.8735000000
284.7276556492,0.7479375000,0.5433750000,4.8735000000
284.8274703026,0.7477500000,0.5433750000,4.8735000000
284.9276950359,0.7475625000,0.5431875000,4.8735000000
285.0275166035,0.7477500000,0.5431875000,4.8735000000
285.1276352406,0.7479375000,0.5426250000,4.8735000000
285.2275717258,0.7477500000,0.5430000000,4.8735000000
285.3276860714,0.7479375000,0.5433750000,4.8735000000
285.4275124073,0.7477500000,0.5433750000,4.8736875000
285.5274453163,0.7477500000,0.5428125000,4.8736875000
285.6291210651,0.7477500000,0.5431875000,4.8736875000
285.7275433540,0.7479375000,0.5435625000,4.8735000000
285.8274614811,0.7477500000,0.5430000000,4.8736875000
285.9274194241,0.7477500000,0.5430000000,4.8735000000
286.0274083614,0.7479375000,0.5430000000,4.8735000000
286.1276242733,0.7479375000,0.5433750000,4.8733125000
286.2276396751,0.7473750000,0.5424375000,4.8733125000
286.3274717331,0.7477500000,0.5433750000,4.8735000000
286.4274687767,0.7477500000,0.5426250000,4.8735000000
286.5274617672,0.7479375000,0.5426250000,4.8735000000
286.6275441647,0.7479375000,0.5433750000,4.8735000000
286.7274963856,0.7479375000,0.5422500000,4.8735000000
286.8274819851,0.7479375000,0.5439375000,4.8735000000
286.9276423454,0.7477500000,0.5430000000,4.8735000000
287.0275988579,0.7477500000,0.5430000000,4.8736875000
287.1276125908,0.7481250000,0.5424375000,4.8735000000
287.2274117470,0.7479375000,0.5433750000,4.8735000000
287.3274343014,0.7479375000,0.5431875000,4.8735000000
287.4274168015,0.7479375000,0.5433750000,4.8735000000
287.5274355412,0.7483125000,0.5422500000,4.8735000000
287.6274662018,0.7479375000,0.5431875000,4.8735000000
287.7276945114,0.7481250000,0.5428125000,4.8735000000
287.8275349140,0.7475625000,0.5428125000,4.8735000000
287.9276771545,0.7481250000,0.5430000000,4.8735000000
288.0275218487,0.7479375000,0.5433750000,4.8736875000
288.1276149750,0.7481250000,0.5435625000,4.8736875000
288.2274634838,0.7481250000,0.5426250000,4.8735000000
288.3278250694,0.7479375000,0.5430000000,4.8736875000
288.4274961948,0.7479375000,0.5428125000,4.8736875000
288.5274615288,0.7481250000,0.5430000000,4.8736875000
288.6275732517,0.7481250000,0.5435625000,4.8736875000
288.7274460793,0.7481250000,0.5437500000,4.8714375000
288.8275153637,0.7479375000,0.5428125000,4.8736875000
288.9274246693,0.7481250000,0.5430000000,4.8735000000
289.0275323391,0.7477500000,0.5428125000,4.8735000000
289.1277287006,0.7481250000,0.5428125000,4.8735000000
289.2276706696,0.7479375000,0.5433750000,4.8735000000
289.3274910450,0.7477500000,0.5431875000,4.8735000000
289.4274494648,0.7479375000,0.5431875000,4.8735000000
289.5274269581,0.7483125000,0.5424375000,4.8735000000
289.6284539700,0.7479375000,0.5424375000,4.8735000000
289.7275846004,0.7481250000,0.5428125000,4.8735000000
289.8275129795,0.7481250000,0.5422500000,4.8735000000
289.9274418354,0.7479375000,0.5431875000,4.8735000000
290.0274858475,0.7481250000,0.5430000000,4.8735000000
290.1276032925,0.7483125000,0.5424375000,4.8733125000
290.2274241447,0.7479375000,0.5435625000,4.8735000000
290.3274133205,0.7481250000,0.5430000000,4.8735000000
290.4274160862,0.7481250000,0.5433750000,4.8735000000
290.5274152756,0.7481250000,0.5431875000,4.8735000000
290.6274552345,0.7479375000,0.5431875000,4.8735000000
290.7277009487,0.7481250000,0.5433750000,4.8735000000
290.8275408745,0.7481250000,0.5428125000,4.8736875000
290.9276056290,0.7483125000,0.5430000000,4.8736875000
291.0275969505,0.7483125000,0.5428125000,4.8736875000
291.1276092529,0.7481250000,0.5435625000,4.8736875000
291.2275667191,0.7483125000,0.5431875000,4.8736875000
291.3274431229,0.7483125000,0.5424375000,4.8735000000
291.4274368286,0.7479375000,0.5424375000,4.8731250000
291.5273988247,0.7481250000,0.5431875000,4.8735000000
291.6274187565,0.7481250000,0.5430000000,4.8735000000
291.7274270058,0.7485000000,0.5433750000,4.8733125000
291.8276278973,0.7483125000,0.5435625000,4.8735000000
291.9275164604,0.7483125000,0.5431875000,4.8735000000
292.0274693966,0.7481250000,0.5430000000,4.8735000000
292.1276311874,0.7481250000,0.5431875000,4.8735000000
292.2277288437,0.7485000000,0.5439375000,4.8735000000
292.3290815353,0.7479375000,0.5430000000,4.8735000000
292.4275753498,0.7481250000,0.5431875000,4.8735000000
292.5274798870,0.7483125000,0.5431875000,4.8735000000
292.6274812222,0.7483125000,0.5430000000,4.8735000000
292.7275094986,0.7483125000,0.5431875000,4.8735000000
292.8277955055,0.7485000000,0.5426250000,4.8735000000
292.9278180599,0.7481250000,0.5430000000,4.8735000000
293.0276882648,0.7485000000,0.5426250000,4.8735000000
293.1277308464,0.7485000000,0.5424375000,4.8735000000
293.2275950909,0.7483125000,0.5428125000,4.8735000000
293.3275709152,0.7485000000,0.5439375000,4.8735000000
293.4274697304,0.7483125000,0.5435625000,4.8736875000
293.5276095867,0.7483125000,0.5431875000,4.8736875000
293.6274931431,0.7485000000,0.5431875000,4.8735000000
293.7286798954,0.7486875000,0.5430000000,4.8735000000
293.8276121616,0.7485000000,0.5435625000,4.8736875000
293.9274463654,0.7486875000,0.5433750000,4.8735000000
294.0276362896,0.7483125000,0.5433750000,4.8733125000
294.1276140213,0.7483125000,0.5426250000,4.8735000000
294.2276258469,0.7483125000,0.5437500000,4.8733125000
294.3276066780,0.7483125000,0.5433750000,4.8735000000
294.4282844067,0.7486875000,0.5435625000,4.8735000000
294.5274837017,0.7481250000,0.5435625000,4.8735000000
294.6275789738,0.7486875000,0.5430000000,4.8735000000
294.7274124622,0.7485000000,0.5433750000,4.8735000000
294.8275270462,0.7485000000,0.5430000000,4.8733125000
294.9274575710,0.7485000000,0.5431875000,4.8735000000
295.0274610519,0.7483125000,0.5435625000,4.8735000000
295.1290783882,0.7483125000,0.5431875000,4.8735000000
295.2277646065,0.7483125000,0.5439375000,4.8735000000
295.3274698257,0.7485000000,0.5431875000,4.8733125000
295.4275622368,0.7485000000,0.5428125000,4.8735000000
295.5274317265,0.7485000000,0.5430000000,4.8735000000
295.6274323463,0.7483125000,0.5437500000,4.8735000000
295.7275266647,0.7485000000,0.5433750000,4.8735000000
295.8274312019,0.7486875000,0.5435625000,4.8735000000
295.9274303913,0.7485000000,0.5431875000,4.8735000000
296.0274956226,0.7485000000,0.5435625000,4.8736875000
296.1276135445,0.7486875000,0.5437500000,4.8736875000
296.2274091244,0.7483125000,0.5428125000,4.8735000000
296.3275077343,0.7486875000,0.5433750000,4.8736875000
296.4274444580,0.7486875000,0.5428125000,4.8735000000
296.5277092457,0.7485000000,0.5428125000,4.8735000000
296.6274852753,0.7485000000,0.5431875000,4.8736875000
296.7276909351,0.7481250000,0.5426250000,4.8731250000
296.8274712563,0.7485000000,0.5428125000,4.8735000000
296.9275944233,0.7486875000,0.5430000000,4.8733125000
297.0274510384,0.7485000000,0.5428125000,4.8733125000
297.1276464462,0.7485000000,0.5435625000,4.8735000000
297.2274589539,0.7486875000,0.5431875000,4.8735000000
297.3274405003,0.7485000000,0.5430000000,4.8735000000
297.4274215698,0.7488750000,0.5433750000,4.8735000000
297.5274050236,0.7486875000,0.5428125000,4.8735000000
297.6274204254,0.7486875000,0.5435625000,4.8736875000
297.7274522781,0.7485000000,0.5435625000,4.8735000000
297.8288874626,0.7485000000,0.5435625000,4.8735000000
297.9277491570,0.7485000000,0.5430000000,4.8735000000
298.0275211334,0.7486875000,0.5435625000,4.8735000000
298.1276402473,0.7485000000,0.5431875000,4.8735000000
298.2277684212,0.7485000000,0.5428125000,4.8735000000
298.3274629116,0.7485000000,0.5431875000,4.8735000000
298.4276041985,0.7486875000,0.5428125000,4.8735000000
298.5274813175,0.7483125000,0.5428125000,4.8735000000
298.6274368763,0.7485000000,0.5428125000,4.8735000000
298.7274131775,0.7486875000,0.5431875000,4.8735000000
298.8274796009,0.7485000000,0.5439375000,4.8736875000
298.9274003506,0.7485000000,0.5431875000,4.8736875000
299.0274689198,0.7486875000,0.5437500000,4.8736875000
299.1276013851,0.7486875000,0.5431875000,4.8736875000
299.2276096344,0.7483125000,0.5435625000,4.8735000000
299.3274066448,0.7486875000,0.5431875000,4.8735000000
299.4274868965,0.7486875000,0.5426250000,4.8735000000
299.5274751186,0.7486875000,0.5431875000,4.8735000000
299.6275825500,0.7483125000,0.5433750000,4.8733125000
299.7277660370,0.7485000000,0.5430000000,4.8735000000
299.8274600506,0.7486875000,0.5433750000,4.8735000000
299.9274330139,0.7486875000,0.5439375000,4.8735000000
300.0274648666,0.7486875000,0.5435625000,4.8735000000
300.1276917458,0.7486875000,0.5420625000,4.8735000000
300.2274641991,0.7486875000,0.5430000000,4.8735000000
300.3274717331,0.7486875000,0.5431875000,4.8735000000
300.4274098873,0.7486875000,0.5430000000,4.8735000000
300.5289664268,0.7486875000,0.5428125000,4.8735000000
300.6276104450,0.7486875000,0.5439375000,4.8735000000
300.7274434566,0.7485000000,0.5431875000,4.8735000000
300.8274626732,0.7486875000,0.5431875000,4.8735000000
300.9274289608,0.7486875000,0.5428125000,4.8735000000
301.0275270939,0.7486875000,0.5431875000,4.8735000000
301.1275968552,0.7488750000,0.5431875000,4.8735000000
301.2276840210,0.7485000000,0.5431875000,4.8735000000
301.3275008202,0.7488750000,0.5430000000,4.8735000000
301.4274549484,0.7486875000,0.5431875000,4.8735000000
301.5274252892,0.7486875000,0.5433750000,4.8735000000
301.6274311543,0.7486875000,0.5437500000,4.8735000000
301.7274188995,0.7488750000,0.5428125000,4.8735000000
301.8274364471,0.7490625000,0.5431875000,4.8735000000
301.9277303219,0.7486875000,0.5426250000,4.8735000000
302.0274543762,0.7486875000,0.5431875000,4.8735000000
302.1277284622,0.7488750000,0.5433750000,4.8736875000
302.2274167538,0.7488750000,0.5431875000,4.8735000000
302.3275015354,0.7486875000,0.5431875000,4.8735000000
302.4274160862,0.7486875000,0.5431875000,4.8735000000
302.5273978710,0.7485000000,0.5426250000,4.8735000000
302.6274554729,0.7488750000,0.5426250000,4.8736875000
302.7277274132,0.7486875000,0.5431875000,4.8735000000
302.8275585175,0.7486875000,0.5424375000,4.8735000000
302.9276363850,0.7486875000,0.5431875000,4.8735000000
303.0278923512,0.7488750000,0.5428125000,4.8733125000
303.1276168823,0.7488750000,0.5424375000,4.8733125000
303.2289822102,0.7486875000,0.5437500000,4.8735000000
303.3275616169,0.7486875000,0.5424375000,4.8735000000
303.4274399281,0.7486875000,0.5431875000,4.8733125000
303.5274531841,0.7488750000,0.5431875000,4.8735000000
303.6274378300,0.7488750000,0.5422500000,4.8733125000
303.7274079323,0.7486875000,0.5430000000,4.8735000000
303.8275759220,0.7488750000,0.5431875000,4.8735000000
303.9274191856,0.7490625000,0.5420625000,4.8735000000
304.0274090767,0.7486875000,0.5430000000,4.8735000000
304.1276702881,0.7488750000,0.5433750000,4.8735000000
304.2276959419,0.7486875000,0.5435625000,4.8735000000
304.3274941444,0.7488750000,0.5426250000,4.8735000000
304.4276382923,0.7490625000,0.5433750000,4.8735000000
304.5274384022,0.7490625000,0.5431875000,4.8736875000
304.6276123524,0.7488750000,0.5435625000,4.8735000000
304.7275660038,0.7488750000,0.5420625000,4.8735000000
304.8276302814,0.7490625000,0.5424375000,4.8735000000
304.9274675846,0.7490625000,0.5430000000,4.8736875000
305.0274960995,0.7485000000,0.5428125000,4.8735000000
305.1276397705,0.7486875000,0.5433750000,4.8735000000
305.2275805473,0.7486875000,0.5426250000,4.8735000000
305.3274824619,0.7488750000,0.5437500000,4.8735000000
305.4275033474,0.7490625000,0.5424375000,4.8735000000
305.5276160240,0.7488750000,0.5424375000,4.8733125000
305.6275174618,0.7488750000,0.5433750000,4.8735000000
305.7277407646,0.7488750000,0.5428125000,4.8735000000
305.8276286125,0.7492500000,0.5435625000,4.8735000000
305.9288172722,0.7488750000,0.5426250000,4.8735000000
306.0276386738,0.7488750000,0.5424375000,4.8735000000
306.1276128292,0.7486875000,0.5430000000,4.8735000000
306.2274985313,0.7490625000,0.5424375000,4.8735000000
306.3275904655,0.7490625000,0.5433750000,4.8733125000
306.4276201725,0.7490625000,0.5435625000,4.8735000000
306.5275135040,0.7490625000,0.5430000000,4.8735000000
306.6275491714,0.7488750000,0.5430000000,4.8735000000
306.7275383472,0.7490625000,0.5439375000,4.8735000000
306.8276052475,0.7490625000,0.5426250000,4.8733125000
306.9275295734,0.7490625000,0.5433750000,4.8736875000
307.0275399685,0.7488750000,0.5431875000,4.8736875000
307.1277494431,0.7490625000,0.5428125000,4.8735000000
307.2285561562,0.7490625000,0.5431875000,4.8735000000
307.3278388977,0.7490625000,0.5424375000,4.8735000000
307.4275946617,0.7490625000,0.5430000000,4.8735000000
307.5274817944,0.7490625000,0.5426250000,4.8735000000
307.6274316311,0.7490625000,0.5439375000,4.8735000000
307.7274672985,0.7490625000,0.5433750000,4.8733125000
307.8275685310,0.7492500000,0.5424375000,4.8733125000
307.9274849892,0.7490625000,0.5431875000,4.8733125000
308.0275785923,0.7490625000,0.5428125000,4.8735000000
308.1276028156,0.7490625000,0.5431875000,4.8735000000
308.2275471687,0.7492500000,0.5431875000,4.8735000000
308.3274316788,0.7490625000,0.5426250000,4.8735000000
308.4274551868,0.7490625000,0.5439375000,4.8735000000
308.5274908543,0.7492500000,0.5428125000,4.8735000000
308.6274833679,0.7492500000,0.5428125000,4.8735000000
308.7285211086,0.7490625000,0.5431875000,4.8733125000
308.8276057243,0.7492500000,0.5435625000,4.8735000000
308.9274284840,0.7490625000,0.5422500000,4.8735000000
309.0274441242,0.7492500000,0.5437500000,4.8735000000
309.1276223660,0.7492500000,0.5431875000,4.8735000000
309.2274584770,0.7492500000,0.5435625000,4.8735000000
309.3274531364,0.7490625000,0.5431875000,4.8733125000
309.4275708199,0.7490625000,0.5424375000,4.8735000000
309.5274188519,0.7490625000,0.5435625000,4.8735000000
309.6275527477,0.7494375000,0.5437500000,4.8733125000
309.7274358273,0.7494375000,0.5431875000,4.8736875000
309.8275268078,0.7492500000,0.5435625000,4.8736875000
309.9274420738,0.7492500000,0.5433750000,4.8735000000
310.0276820660,0.7492500000,0.5428125000,4.8736875000
310.1276304722,0.7492500000,0.5433750000,4.8735000000
310.2277297974,0.7492500000,0.5435625000,4.8735000000
310.3274805546,0.7494375000,0.5435625000,4.8735000000
310.4274601936,0.7492500000,0.5428125000,4.8721875000
310.5274481773,0.7496250000,0.5424375000,4.8733125000
310.6276025772,0.7490625000,0.5441250000,4.8735000000
310.7274320126,0.7492500000,0.5428125000,4.8735000000
310.8274917603,0.7492500000,0.5430000000,4.8735000000
310.9274399281,0.7494375000,0.5422500000,4.8735000000
311.0274372101,0.7492500000,0.5439375000,4.8735000000
311.1276109219,0.7494375000,0.5430000000,4.8735000000
311.2274632454,0.7492500000,0.5433750000,4.8735000000
311.3274137974,0.7494375000,0.5435625000,4.8735000000
311.4280123711,0.7494375000,0.5428125000,4.8735000000
311.5274653435,0.7490625000,0.5428125000,4.8733125000
311.6274909973,0.7494375000,0.5431875000,4.8735000000
311.7278175354,0.7492500000,0.5433750000,4.8735000000
311.8276081085,0.7494375000,0.5435625000,4.8733125000
311.9275045395,0.7494375000,0.5437500000,4.8735000000
312.0274286270,0.7496250000,0.5428125000,4.8735000000
312.1275911331,0.7494375000,0.5433750000,4.8735000000
312.2274668217,0.7494375000,0.5439375000,4.8735000000
312.3274328709,0.7494375000,0.5437500000,4.8735000000
312.4275557995,0.7494375000,0.5441250000,4.8735000000
312.5275557041,0.7494375000,0.5431875000,4.8735000000
312.6274385452,0.7498125000,0.5433750000,4.8735000000
312.7274897099,0.7496250000,0.5431875000,4.8735000000
312.8276979923,0.7496250000,0.5430000000,4.8736875000
312.9274580479,0.7494375000,0.5433750000,4.8735000000
313.0276100636,0.7496250000,0.5433750000,4.8735000000
313.1277086735,0.7496250000,0.5431875000,4.8735000000
313.2278776169,0.7496250000,0.5426250000,4.8735000000
313.3274855614,0.7496250000,0.5437500000,4.8735000000
313.4274487495,0.7496250000,0.5435625000,4.8735000000
313.5275278091,0.7496250000,0.5433750000,4.8733125000
313.6274859905,0.7494375000,0.5431875000,4.8736875000
313.7274959087,0.7494375000,0.5435625000,4.8735000000
313.8274459839,0.7496250000,0.5439375000,4.8735000000
313.9274072647,0.7496250000,0.5430000000,4.8735000000
314.0274715424,0.7498125000,0.5435625000,4.8735000000
314.1290454865,0.7498125000,0.5433750000,4.8735000000
314.2275955677,0.7494375000,0.5435625000,4.8735000000
314.3274185658,0.7494375000,0.5433750000,4.8733125000
314.4274263382,0.7500000000,0.5437500000,4.8735000000
314.5274460316,0.7496250000,0.5433750000,4.8735000000
314.6274502277,0.7496250000,0.5430000000,4.8735000000
314.7278292179,0.7498125000,0.5435625000,4.8733125000
314.8275957108,0.7496250000,0.5441250000,4.8733125000
314.9275541306,0.7498125000,0.5433750000,4.8735000000
315.0276250839,0.7498125000,0.5422500000,4.8735000000
315.1276187897,0.7494375000,0.5435625000,4.8733125000
315.2275516987,0.7496250000,0.5433750000,4.8735000000
315.3274614811,0.7498125000,0.5431875000,4.8735000000
315.4274179935,0.7498125000,0.5430000000,4.8733125000
315.5276117325,0.7498125000,0.5431875000,4.8733125000
315.6274538040,0.7498125000,0.5437500000,4.8735000000
315.7274451256,0.7496250000,0.5435625000,4.8735000000
315.8274884224,0.7498125000,0.5437500000,4.8738750000
315.9274377823,0.7500000000,0.5433750000,4.8735000000
316.0275566578,0.7500000000,0.5433750000,4.8735000000
316.1276009083,0.7498125000,0.5430000000,4.8736875000
316.2277028561,0.7500000000,0.5437500000,4.8735000000
316.3275246620,0.7500000000,0.5435625000,4.8735000000
316.4274513721,0.7500000000,0.5433750000,4.8735000000
316.5274362564,0.7500000000,0.5435625000,4.8735000000
316.6274282932,0.7501875000,0.5433750000,4.8733125000
316.7274096012,0.7498125000,0.5428125000,4.8735000000
316.8289797306,0.7500000000,0.5435625000,4.8735000000
316.9276657104,0.7501875000,0.5435625000,4.8735000000
317.0274479389,0.7501875000,0.5435625000,4.8735000000
317.1276154518,0.7500000000,0.5430000000,4.8733125000
317.2274267673,0.7500000000,0.5437500000,4.8735000000
317.3274376392,0.7501875000,0.5435625000,4.8733125000
317.4275038242,0.7496250000,0.5439375000,4.8735000000
317.5275998116,0.7501875000,0.5435625000,4.8735000000
317.6275200844,0.7500000000,0.5439375000,4.8735000000
317.7277591228,0.7500000000,0.5435625000,4.8735000000
317.8276562691,0.7500000000,0.5439375000,4.8735000000
317.9275190830,0.7500000000,0.5435625000,4.8735000000
318.0276210308,0.7500000000,0.5433750000,4.8733125000
318.1276447773,0.7500000000,0.5428125000,4.8735000000
318.2276902199,0.7501875000,0.5431875000,4.8735000000
318.3275134563,0.7500000000,0.5428125000,4.8735000000
318.4276134968,0.7503750000,0.5437500000,4.8735000000
318.5276157856,0.7500000000,0.5439375000,4.8733125000
318.6274905205,0.7501875000,0.5426250000,4.8735000000
318.7274861336,0.7500000000,0.5437500000,4.8735000000
318.8276982307,0.7501875000,0.5430000000,4.8735000000
318.9275240898,0.7501875000,0.5433750000,4.8735000000
319.0277812481,0.7503750000,0.5435625000,4.8735000000
319.1277458668,0.7501875000,0.5431875000,4.8735000000
319.2277960777,0.7501875000,0.5430000000,4.8735000000
319.3276793957,0.7496250000,0.5435625000,4.8720000000
319.4274997711,0.7500000000,0.5435625000,4.8733125000
319.5276193619,0.7500000000,0.5435625000,4.8733125000
319.6276509762,0.7501875000,0.5439375000,4.8735000000
319.7275691032,0.7501875000,0.5435625000,4.8735000000
319.8275918961,0.7501875000,0.5426250000,4.8735000000
319.9275009632,0.7505625000,0.5435625000,4.8735000000
320.0275244713,0.7501875000,0.5428125000,4.8735000000
320.1284420490,0.7503750000,0.5430000000,4.8733125000
320.2274987698,0.7503750000,0.5439375000,4.8735000000
320.3274350166,0.7503750000,0.5435625000,4.8733125000
320.4275393486,0.7505625000,0.5426250000,4.8733125000
320.5277266502,0.7503750000,0.5439375000,4.8735000000
320.6277089119,0.7503750000,0.5431875000,4.8735000000
320.7278606892,0.7503750000,0.5437500000,4.8735000000
320.8275675774,0.7507500000,0.5439375000,4.8735000000
320.9274876118,0.7503750000,0.5426250000,4.8735000000
321.0275888443,0.7500000000,0.5428125000,4.8735000000
321.1276063919,0.7503750000,0.5437500000,4.8733125000
321.2274403572,0.7501875000,0.5439375000,4.8735000000
321.3274459839,0.7503750000,0.5430000000,4.8733125000
321.4274144173,0.7503750000,0.5430000000,4.8735000000
321.5274269581,0.7503750000,0.5433750000,4.8735000000
321.6274068356,0.7505625000,0.5431875000,4.8735000000
321.7276051044,0.7503750000,0.5428125000,4.8735000000
321.8274705410,0.7505625000,0.5435625000,4.8735000000
321.9274585247,0.7505625000,0.5433750000,4.8735000000
322.0274493694,0.7503750000,0.5433750000,4.8736875000
322.1276166439,0.7503750000,0.5435625000,4.8735000000
322.2277302742,0.7501875000,0.5435625000,4.8733125000
322.3276238441,0.7503750000,0.5437500000,4.8735000000
322.4274506569,0.7501875000,0.5439375000,4.8733125000
322.5274608135,0.7505625000,0.5435625000,4.8735000000
322.6274602413,0.7505625000,0.5437500000,4.8735000000
322.7275319099,0.7503750000,0.5439375000,4.8735000000
322.8275434971,0.7503750000,0.5433750000,4.8735000000
322.9274225235,0.7505625000,0.5435625000,4.8735000000
323.0276298523,0.7505625000,0.5435625000,4.8733125000
323.1277749538,0.7505625000,0.5435625000,4.8733125000
323.2275354862,0.7505625000,0.5431875000,4.8735000000
323.3274633884,0.7505625000,0.5431875000,4.8735000000
323.4274189472,0.7503750000,0.5435625000,4.8733125000
323.5274085999,0.7503750000,0.5426250000,4.8735000000
323.6276721954,0.7507500000,0.5437500000,4.8735000000
323.7278444767,0.7503750000,0.5435625000,4.8735000000
323.8276088238,0.7505625000,0.5433750000,4.8735000000
323.9275629520,0.7505625000,0.5431875000,4.8735000000
324.0274558067,0.7503750000,0.5437500000,4.8735000000
324.1277487278,0.7503750000,0.5435625000,4.8733125000
324.2274503708,0.7503750000,0.5428125000,4.8735000000
324.3274388313,0.7505625000,0.5433750000,4.8735000000
324.4274268150,0.7505625000,0.5435625000,4.8735000000
324.5274202824,0.7505625000,0.5431875000,4.8736875000
324.6274471283,0.7505625000,0.5433750000,4.8735000000
324.7274355888,0.7507500000,0.5433750000,4.8736875000
324.8274433613,0.7507500000,0.5435625000,4.8735000000
324.9274578094,0.7507500000,0.5433750000,4.8735000000
325.0285444260,0.7501875000,0.5443125000,4.8731250000
325.1275985241,0.7505625000,0.5435625000,4.8735000000
325.2277750969,0.7509375000,0.5430000000,4.8735000000
325.3275017738,0.7507500000,0.5431875000,4.8735000000
325.4275739193,0.7507500000,0.5435625000,4.8735000000
325.5275745392,0.7507500000,0.5431875000,4.8735000000
325.6274468899,0.7505625000,0.5435625000,4.8735000000
325.7275495529,0.7509375000,0.5433750000,4.8735000000
325.8274290562,0.7505625000,0.5435625000,4.8735000000
325.9274129868,0.7507500000,0.5439375000,4.8733125000
326.0274627209,0.7507500000,0.5430000000,4.8733125000
326.1276304722,0.7507500000,0.5439375000,4.8735000000
326.2274563313,0.7507500000,0.5437500000,4.8735000000
326.3274459839,0.7509375000,0.5431875000,4.8733125000
326.4276037216,0.7509375000,0.5435625000,4.8735000000
326.5274307728,0.7509375000,0.5430000000,4.8735000000
326.6278979778,0.7505625000,0.5437500000,4.8733125000
326.7278990746,0.7507500000,0.5433750000,4.8735000000
326.8276903629,0.7509375000,0.5435625000,4.8735000000
326.9274590015,0.7509375000,0.5437500000,4.8735000000
327.0275032520,0.7509375000,0.5439375000,4.8738750000
327.1277458668,0.7507500000,0.5431875000,4.8735000000
327.2276220322,0.7509375000,0.5439375000,4.8735000000
327.3277683258,0.7507500000,0.5435625000,4.8735000000
327.4275655746,0.7509375000,0.5435625000,4.8735000000
327.5277047157,0.7509375000,0.5431875000,4.8735000000
327.6274900436,0.7509375000,0.5433750000,4.8735000000
327.7290616035,0.7511250000,0.5433750000,4.8716250000
327.8276050091,0.7507500000,0.5439375000,4.8736875000
327.9274704456,0.7507500000,0.5431875000,4.8735000000
328.0276169777,0.7507500000,0.5433750000,4.8735000000
328.1276454926,0.7509375000,0.5433750000,4.8735000000
328.2280008793,0.7511250000,0.5437500000,4.8735000000
328.3275132179,0.7509375000,0.5435625000,4.8735000000
328.4275612831,0.7515000000,0.5433750000,4.8735000000
328.5274417400,0.7509375000,0.5428125000,4.8733125000
328.6276559830,0.7511250000,0.5428125000,4.8735000000
328.7275593281,0.7509375000,0.5428125000,4.8735000000
328.8275794983,0.7509375000,0.5437500000,4.8735000000
328.9275286198,0.7509375000,0.5431875000,4.8735000000
329.0274398327,0.7511250000,0.5433750000,4.8735000000
329.1276280880,0.7511250000,0.5428125000,4.8735000000
329.2274830341,0.7509375000,0.5437500000,4.8733125000
329.3275780678,0.7509375000,0.5435625000,4.8735000000
329.4275557995,0.7513125000,0.5433750000,4.8735000000
329.5274240971,0.7513125000,0.5435625000,4.8735000000
329.6274201870,0.7509375000,0.5435625000,4.8733125000
329.7280328274,0.7511250000,0.5431875000,4.8735000000
329.8275475502,0.7511250000,0.5431875000,4.8735000000
329.9274463654,0.7511250000,0.5435625000,4.8736875000
330.0274455547,0.7511250000,0.5435625000,4.8735000000
330.1276092529,0.7513125000,0.5433750000,4.8735000000
330.2276077271,0.7511250000,0.5433750000,4.8735000000
330.3276014328,0.7515000000,0.5431875000,4.8736875000
330.4277048111,0.7513125000,0.5433750000,4.8735000000
330.5277550220,0.7511250000,0.5435625000,4.8733125000
330.6275134087,0.7513125000,0.5433750000,4.8735000000
330.7274489403,0.7511250000,0.5428125000,4.8735000000
330.8277013302,0.7513125000,0.5430000000,4.8733125000
330.9276125431,0.7513125000,0.5433750000,4.8735000000
331.0274927616,0.7511250000,0.5431875000,4.8735000000
331.1276321411,0.7513125000,0.5431875000,4.8735000000
331.2281088829,0.7511250000,0.5430000000,4.8735000000
331.3276472092,0.7511250000,0.5431875000,4.8735000000
331.4274945259,0.7515000000,0.5428125000,4.8735000000
331.5275130272,0.7511250000,0.5437500000,4.8735000000
331.6275966167,0.7515000000,0.5435625000,4.8733125000
331.7274663448,0.7513125000,0.5435625000,4.8733125000
331.8276493549,0.7509375000,0.5435625000,4.8735000000
331.9277310371,0.7513125000,0.5424375000,4.8735000000
332.0274841785,0.7511250000,0.5424375000,4.8733125000
332.1276271343,0.7513125000,0.5430000000,4.8735000000
332.2274825573,0.7513125000,0.5435625000,4.8735000000
332.3275027275,0.7511250000,0.5435625000,4.8735000000
332.4275002480,0.7513125000,0.5426250000,4.8735000000
332.5274693966,0.7513125000,0.5437500000,4.8735000000
332.6276350021,0.7513125000,0.5431875000,4.8735000000
332.7278325558,0.7513125000,0.5430000000,4.8736875000
332.8275897503,0.7515000000,0.5435625000,4.8735000000
332.9282422066,0.7515000000,0.5439375000,4.8736875000
333.0276231766,0.7515000000,0.5437500000,4.8736875000
333.1276102066,0.7515000000,0.5437500000,4.8735000000
333.2286636829,0.7515000000,0.5430000000,4.8736875000
333.3276059628,0.7515000000,0.5437500000,4.8735000000
333.4275541306,0.7516875000,0.5433750000,4.8733125000
333.5275509357,0.7513125000,0.5437500000,4.8735000000
333.6276924610,0.7513125000,0.5433750000,4.8735000000
333.7277057171,0.7516875000,0.5428125000,4.8735000000
333.8275468349,0.7513125000,0.5435625000,4.8735000000
333.9274773598,0.7516875000,0.5433750000,4.8733125000
334.0275540352,0.7513125000,0.5435625000,4.8735000000
334.1276054382,0.7515000000,0.5430000000,4.8733125000
334.2277464867,0.7515000000,0.5437500000,4.8735000000
334.3276100159,0.7515000000,0.5428125000,4.8735000000
334.4274744987,0.7516875000,0.5422500000,4.8735000000
334.5275921822,0.7515000000,0.5431875000,4.8735000000
334.6280002594,0.7515000000,0.5433750000,4.8735000000
334.7275788784,0.7516875000,0.5431875000,4.8733125000
334.8274781704,0.7516875000,0.5435625000,4.8735000000
334.9274287224,0.7516875000,0.5433750000,4.8735000000
335.0275163651,0.7516875000,0.5435625000,4.8735000000
335.1276862621,0.7516875000,0.5430000000,4.8735000000
335.2274487019,0.7518750000,0.5430000000,4.8735000000
335.3274283409,0.7518750000,0.5430000000,4.8736875000
335.4274196625,0.7516875000,0.5435625000,4.8736875000
335.5274374485,0.7516875000,0.5433750000,4.8736875000
335.6275508404,0.7516875000,0.5437500000,4.8735000000
335.7278735638,0.7516875000,0.5433750000,4.8735000000
335.8275680542,0.7516875000,0.5430000000,4.8735000000
335.9274272919,0.7516875000,0.5430000000,4.8736875000
336.0280365944,0.7518750000,0.5439375000,4.8735000000
336.1276156902,0.7518750000,0.5433750000,4.8733125000
336.2274260521,0.7515000000,0.5431875000,4.8735000000
336.3275024891,0.7518750000,0.5435625000,4.8735000000
336.4275565147,0.7515000000,0.5437500000,4.8735000000
336.5274345875,0.7518750000,0.5433750000,4.8735000000
336.6274678707,0.7515000000,0.5433750000,4.8735000000
336.7275598049,0.7515000000,0.5437500000,4.8733125000
336.8275744915,0.7518750000,0.5430000000,4.8735000000
336.9275612831,0.7518750000,0.5437500000,4.8735000000
337.0274300575,0.7518750000,0.5435625000,4.8735000000
337.1276147366,0.7518750000,0.5437500000,4.8735000000
337.2277281284,0.7515000000,0.5437500000,4.8735000000
337.3274996281,0.7518750000,0.5428125000,4.8735000000
337.4276170731,0.7520625000,0.5431875000,4.8735000000
337.5274693966,0.7518750000,0.5439375000,4.8735000000
337.6274881363,0.7518750000,0.5435625000,4.8735000000
337.7274832726,0.7516875000,0.5424375000,4.8736875000
337.8274519444,0.7518750000,0.5437500000,4.8735000000
337.9274251461,0.7522500000,0.5435625000,4.8735000000
338.0277483463,0.7518750000,0.5433750000,4.8735000000
338.1276178360,0.7518750000,0.5437500000,4.8735000000
338.2274370193,0.7520625000,0.5430000000,4.8736875000
338.3274238110,0.7520625000,0.5433750000,4.8735000000
338.4276027679,0.7520625000,0.5422500000,4.8735000000
338.5275216103,0.7518750000,0.5433750000,4.8736875000
338.6274449825,0.7520625000,0.5431875000,4.8736875000
338.7289450169,0.7520625000,0.5433750000,4.8736875000
338.8277490139,0.7520625000,0.5431875000,4.8736875000
338.9274654388,0.7520625000,0.5433750000,4.8736875000
339.0274450779,0.7520625000,0.5433750000,4.8735000000
339.1277296543,0.7518750000,0.5430000000,4.8735000000
339.2274279594,0.7522500000,0.5431875000,4.8735000000
339.3274433613,0.7520625000,0.5430000000,4.8735000000
339.4274153709,0.7518750000,0.5435625000,4.8735000000
339.5274267197,0.7520625000,0.5428125000,4.8735000000
339.6274371147,0.7520625000,0.5428125000,4.8735000000
339.7275032997,0.7522500000,0.5428125000,4.8735000000
339.8274679184,0.7522500000,0.5430000000,4.8735000000
339.9274528027,0.7522500000,0.5428125000,4.8735000000
340.0274345875,0.7524375000,0.5435625000,4.8735000000
340.1276471615,0.7518750000,0.5420625000,4.8735000000
340.2277870178,0.7522500000,0.5431875000,4.8735000000
340.3274962902,0.7522500000,0.5430000000,4.8735000000
340.4274382591,0.7520625000,0.5430000000,4.8735000000
340.5275919437,0.7522500000,0.5431875000,4.8735000000
340.6274614334,0.7522500000,0.5431875000,4.8735000000
340.7274470329,0.7520625000,0.5433750000,4.8736875000
340.8275945187,0.7524375000,0.5426250000,4.8736875000
340.9274079800,0.7524375000,0.5437500000,4.8735000000
341.0274751186,0.7522500000,0.5428125000,4.8735000000
341.1276149750,0.7524375000,0.5435625000,4.8735000000
341.2274160385,0.7524375000,0.5428125000,4.8735000000
341.3274295330,0.7522500000,0.5430000000,4.8735000000
341.4280550480,0.7522500000,0.5424375000,4.8718125000
341.5275914669,0.7522500000,0.5433750000,4.8735000000
341.6274197102,0.7524375000,0.5430000000,4.8735000000
341.7277967930,0.7524375000,0.5426250000,4.8735000000
341.8276727200,0.7522500000,0.5433750000,4.8735000000
341.9274513721,0.7520625000,0.5433750000,4.8735000000
342.0274577141,0.7528125000,0.5430000000,4.8735000000
342.1275973320,0.7522500000,0.5433750000,4.8735000000
342.2274127007,0.7526250000,0.5428125000,4.8735000000
342.3274605274,0.7524375000,0.5430000000,4.8735000000
342.4275443554,0.7524375000,0.5431875000,4.8735000000
342.5274779797,0.7524375000,0.5433750000,4.8735000000
342.6275365353,0.7522500000,0.5431875000,4.8733125000
342.7275254726,0.7526250000,0.5430000000,4.8735000000
342.8289196491,0.7526250000,0.5426250000,4.8735000000
342.9275374413,0.7524375000,0.5422500000,4.8735000000
343.0276420116,0.7524375000,0.5433750000,4.8735000000
343.1276528835,0.7526250000,0.5431875000,4.8735000000
343.2279675007,0.7524375000,0.5439375000,4.8735000000
343.3275549412,0.7526250000,0.5426250000,4.8735000000
343.4276032448,0.7526250000,0.5426250000,4.8738750000
343.5276136398,0.7526250000,0.5435625000,4.8736875000
343.6275033951,0.7526250000,0.5430000000,4.8735000000
343.7274527550,0.7526250000,0.5426250000,4.8736875000
343.8275728226,0.7526250000,0.5426250000,4.8735000000
343.9275102615,0.7526250000,0.5424375000,4.8735000000
344.0274908543,0.7528125000,0.5426250000,4.8736875000
344.1276288033,0.7528125000,0.5431875000,4.8721875000
344.2277746201,0.7522500000,0.5426250000,4.8733125000
344.3275995255,0.7528125000,0.5426250000,4.8736875000
344.4276268482,0.7526250000,0.5430000000,4.8733125000
344.5276546478,0.7526250000,0.5420625000,4.8735000000
344.6275205612,0.7528125000,0.5422500000,4.8735000000
344.7281081676,0.7526250000,0.5431875000,4.8735000000
344.8275668621,0.7526250000,0.5422500000,4.8735000000
344.9276318550,0.7526250000,0.5426250000,4.8735000000
345.0275182724,0.7528125000,0.5422500000,4.8735000000
345.1278009415,0.7526250000,0.5426250000,4.8735000000
345.2275106907,0.7526250000,0.5430000000,4.8735000000
345.3276166916,0.7528125000,0.5415000000,4.8735000000
345.4276130199,0.7528125000,0.5428125000,4.8735000000
345.5275824070,0.7528125000,0.5420625000,4.8735000000
345.6290271282,0.7528125000,0.5430000000,4.8735000000
345.7276828289,0.7530000000,0.5418750000,4.8733125000
345.8283169270,0.7530000000,0.5424375000,4.8735000000
345.9275028706,0.7530000000,0.5418750000,4.8735000000
346.0275981426,0.7528125000,0.5420625000,4.8735000000
346.1275904179,0.7530000000,0.5422500000,4.8735000000
346.2280206680,0.7528125000,0.5422500000,4.8735000000
346.3276166916,0.7528125000,0.5430000000,4.8733125000
346.4274418354,0.7531875000,0.5424375000,4.8735000000
346.5276079178,0.7530000000,0.5422500000,4.8736875000
346.6275413036,0.7530000000,0.5418750000,4.8736875000
346.7274363041,0.7530000000,0.5420625000,4.8736875000
346.8276252747,0.7530000000,0.5418750000,4.8736875000
346.9274458885,0.7530000000,0.5422500000,4.8736875000
347.0287282467,0.7528125000,0.5420625000,4.8736875000
347.1276156902,0.7531875000,0.5420625000,4.8736875000
347.2274546623,0.7530000000,0.5430000000,4.8731250000
347.3274199963,0.7530000000,0.5418750000,4.8733125000
347.4274218082,0.7530000000,0.5426250000,4.8735000000
347.5274477005,0.7530000000,0.5426250000,4.8735000000
347.6274323463,0.7531875000,0.5422500000,4.8735000000
347.7281386852,0.7530000000,0.5422500000,4.8735000000
347.8275740147,0.7531875000,0.5426250000,4.8735000000
347.9274256229,0.7533750000,0.5418750000,4.8735000000
348.0276350975,0.7530000000,0.5418750000,4.8735000000
348.1276278496,0.7533750000,0.5422500000,4.8735000000
348.2274489403,0.7531875000,0.5422500000,4.8735000000
348.3274829388,0.7528125000,0.5422500000,4.8735000000
348.4276306629,0.7531875000,0.5420625000,4.8735000000
348.5274562836,0.7531875000,0.5422500000,4.8735000000
348.6274266243,0.7530000000,0.5420625000,4.8735000000
348.7274198532,0.7533750000,0.5426250000,4.8735000000
348.8275599480,0.7531875000,0.5420625000,4.8735000000
348.9276201725,0.7533750000,0.5422500000,4.8735000000
349.0274548531,0.7531875000,0.5420625000,4.8735000000
349.1276445389,0.7533750000,0.5428125000,4.8735000000
349.2279195786,0.7533750000,0.5422500000,4.8736875000
349.3276176453,0.7535625000,0.5422500000,4.8736875000
349.4274439812,0.7533750000,0.5422500000,4.8735000000
349.5274751186,0.7533750000,0.5422500000,4.8736875000
349.6274905205,0.7535625000,0.5426250000,4.8736875000
349.7275311947,0.7535625000,0.5422500000,4.8735000000
349.8276076317,0.7530000000,0.5426250000,4.8735000000
349.9274437428,0.7533750000,0.5420625000,4.8735000000
350.0275359154,0.7537500000,0.5420625000,4.8733125000
350.1276564598,0.7533750000,0.5422500000,4.8733125000
350.2274663448,0.7537500000,0.5415000000,4.8735000000
350.3274374008,0.7535625000,0.5422500000,4.8735000000
350.4274187088,0.7535625000,0.5418750000,4.8733125000
350.5274257660,0.7533750000,0.5422500000,4.8735000000
350.6274449825,0.7535625000,0.5422500000,4.8735000000
350.7278614044,0.7533750000,0.5424375000,4.8735000000
350.8277168274,0.7535625000,0.5422500000,4.8735000000
350.9274330139,0.7533750000,0.5422500000,4.8735000000
351.0274410248,0.7535625000,0.5422500000,4.8733125000
351.1289565563,0.7533750000,0.5420625000,4.8735000000
351.2277331352,0.7535625000,0.5428125000,4.8735000000
351.3274765015,0.7535625000,0.5422500000,4.8735000000
351.4274373055,0.7537500000,0.5426250000,4.8735000000
351.5274200439,0.7537500000,0.5422500000,4.8735000000
351.6274969578,0.7533750000,0.5420625000,4.8735000000
351.7275819778,0.7537500000,0.5415000000,4.8735000000
351.8274497986,0.7539375000,0.5428125000,4.8736875000
351.9274697304,0.7537500000,0.5415000000,4.8736875000
352.0274305344,0.7537500000,0.5415000000,4.8735000000
352.1277179718,0.7537500000,0.5416875000,4.8736875000
352.2276930809,0.7535625000,0.5418750000,4.8735000000
352.3275585175,0.7537500000,0.5415000000,4.8736875000
352.4275627136,0.7537500000,0.5418750000,4.8736875000
352.5286805630,0.7537500000,0.5416875000,4.8735000000
352.6274614334,0.7539375000,0.5418750000,4.8735000000
352.7275347710,0.7537500000,0.5422500000,4.8735000000
352.8276169300,0.7533750000,0.5422500000,4.8735000000
352.9275715351,0.7533750000,0.5418750000,4.8733125000
353.0276064873,0.7537500000,0.5413125000,4.8735000000
353.1277270317,0.7537500000,0.5420625000,4.8735000000
353.2274522781,0.7537500000,0.5418750000,4.8735000000
353.3274486065,0.7537500000,0.5426250000,4.8735000000
353.4274239540,0.7539375000,0.5420625000,4.8735000000
353.5274233818,0.7537500000,0.5416875000,4.8735000000
353.6274404526,0.7539375000,0.5422500000,4.8735000000
353.7276954651,0.7535625000,0.5420625000,4.8735000000
353.8275759220,0.7539375000,0.5424375000,4.8735000000
353.9276108742,0.7537500000,0.5422500000,4.8735000000
354.0274393559,0.7539375000,0.5426250000,4.8735000000
354.1276206970,0.7537500000,0.5420625000,4.8735000000
354.2274169922,0.7539375000,0.5416875000,4.8735000000
354.3275344372,0.7535625000,0.5422500000,4.8735000000
354.4275739193,0.7539375000,0.5424375000,4.8735000000
354.5274438858,0.7539375000,0.5418750000,4.8736875000
354.6275479794,0.7539375000,0.5416875000,4.8736875000
354.7275419235,0.7541250000,0.5424375000,4.8736875000
354.8276777267,0.7541250000,0.5418750000,4.8735000000
354.9274888039,0.7539375000,0.5422500000,4.8736875000
355.0275697708,0.7539375000,0.5430000000,4.8736875000
355.1275827885,0.7541250000,0.5422500000,4.8735000000
355.2277090549,0.7541250000,0.5430000000,4.8714375000
355.3276169300,0.7537500000,0.5416875000,4.8735000000
355.4274518490,0.7537500000,0.5430000000,4.8735000000
355.5274562836,0.7541250000,0.5415000000,4.8736875000
355.6274430752,0.7541250000,0.5422500000,4.8735000000
355.7275311947,0.7541250000,0.5426250000,4.8735000000
355.8276255131,0.7539375000,0.5428125000,4.8735000000
355.9274752140,0.7541250000,0.5420625000,4.8735000000
356.0274817944,0.7539375000,0.5418750000,4.8735000000
356.1276297569,0.7543125000,0.5422500000,4.8735000000
356.2274854183,0.7543125000,0.5416875000,4.8735000000
356.3275749683,0.7541250000,0.5422500000,4.8735000000
356.4275774956,0.7539375000,0.5420625000,4.8735000000
356.5274701118,0.7539375000,0.5424375000,4.8735000000
356.6290214062,0.7541250000,0.5418750000,4.8735000000
356.7278017998,0.7541250000,0.5422500000,4.8735000000
356.8276104927,0.7541250000,0.5422500000,4.8735000000
356.9274981022,0.7543125000,0.5418750000,4.8735000000
357.0275883675,0.7543125000,0.5422500000,4.8736875000
357.1276326180,0.7543125000,0.5418750000,4.8736875000
357.2275152206,0.7541250000,0.5431875000,4.8736875000
357.3276133537,0.7543125000,0.5418750000,4.8736875000
357.4276244640,0.7543125000,0.5428125000,4.8736875000
357.5274543762,0.7543125000,0.5416875000,4.8736875000
357.6276197433,0.7543125000,0.5420625000,4.8735000000
357.7274582386,0.7545000000,0.5418750000,4.8733125000
357.8275253773,0.7541250000,0.5430000000,4.8735000000
357.9276242256,0.7541250000,0.5422500000,4.8735000000
358.0291965008,0.7541250000,0.5422500000,4.8735000000
358.1276321411,0.7541250000,0.5431875000,4.8735000000
358.2278792858,0.7545000000,0.5424375000,4.8735000000
358.3276987076,0.7541250000,0.5416875000,4.8735000000
358.4276106358,0.7543125000,0.5416875000,4.8733125000
358.5276379585,0.7543125000,0.5418750000,4.8735000000
358.6274814606,0.7543125000,0.5420625000,4.8735000000
358.7284915447,0.7545000000,0.5424375000,4.8735000000
358.8275001049,0.7543125000,0.5431875000,4.8735000000
358.9275436401,0.7545000000,0.5418750000,4.8735000000
359.0274174213,0.7543125000,0.5418750000,4.8733125000
359.1276183128,0.7545000000,0.5426250000,4.8735000000
359.2274417877,0.7543125000,0.5430000000,4.8735000000
359.3274660110,0.7539375000,0.5428125000,4.8735000000
359.4290099144,0.7543125000,0.5416875000,4.8733125000
359.5277462006,0.7543125000,0.5426250000,4.8735000000
359.6274232864,0.7545000000,0.5422500000,4.8735000000
359.7277505398,0.7543125000,0.5422500000,4.8736875000
359.8275916576,0.7543125000,0.5422500000,4.8735000000
359.9274334908,0.7545000000,0.5426250000,4.8736875000
360.0275497437,0.7545000000,0.5426250000,4.8736875000
360.1277515888,0.7546875000,0.5418750000,4.8736875000
360.2274382114,0.7545000000,0.5426250000,4.8735000000
360.3274633884,0.7545000000,0.5424375000,4.8733125000
360.4274260998,0.7548750000,0.5424375000,4.8735000000
360.5274710655,0.7546875000,0.5420625000,4.8735000000
360.6274595261,0.7545000000,0.5426250000,4.8736875000
360.7275338173,0.7546875000,0.5424375000,4.8735000000
360.8286690712,0.7545000000,0.5426250000,4.8735000000
360.9274756908,0.7545000000,0.5422500000,4.8735000000
361.0274493694,0.7548750000,0.5418750000,4.8735000000
361.1275928020,0.7546875000,0.5426250000,4.8735000000
361.2277145386,0.7545000000,0.5424375000,4.8735000000
361.3276147842,0.7543125000,0.5424375000,4.8735000000
361.4275782108,0.7545000000,0.5426250000,4.8735000000
361.5276412964,0.7546875000,0.5426250000,4.8735000000
361.6275084019,0.7546875000,0.5426250000,4.8735000000
361.7274091244,0.7545000000,0.5418750000,4.8735000000
361.8274407387,0.7546875000,0.5422500000,4.8735000000
361.9275298119,0.7545000000,0.5418750000,4.8735000000
362.0274076462,0.7545000000,0.5418750000,4.8735000000
362.1276016235,0.7546875000,0.5418750000,4.8735000000
362.2276170254,0.7545000000,0.5424375000,4.8733125000
362.3275761604,0.7546875000,0.5418750000,4.8736875000
362.4275357723,0.7546875000,0.5418750000,4.8736875000
362.5274362564,0.7546875000,0.5418750000,4.8736875000
362.6274778843,0.7548750000,0.5418750000,4.8736875000
362.7277212143,0.7546875000,0.5418750000,4.8735000000
362.8276891708,0.7546875000,0.5420625000,4.8735000000
362.9274330139,0.7546875000,0.5420625000,4.8736875000
363.0276432037,0.7548750000,0.5422500000,4.8733125000
363.1276955605,0.7545000000,0.5426250000,4.8735000000
363.2274961472,0.7546875000,0.5426250000,4.8736875000
363.3275322914,0.7545000000,0.5418750000,4.8735000000
363.4275665283,0.7548750000,0.5422500000,4.8733125000
363.5275957584,0.7548750000,0.5420625000,4.8735000000
363.6276299953,0.7546875000,0.5418750000,4.8735000000
363.7274746895,0.7548750000,0.5426250000,4.8735000000
363.8274409771,0.7548750000,0.5426250000,4.8735000000
363.9274511337,0.7545000000,0.5426250000,4.8735000000
364.0274059772,0.7546875000,0.5420625000,4.8735000000
364.1276011467,0.7546875000,0.5418750000,4.8735000000
364.2275493145,0.7548750000,0.5418750000,4.8735000000
364.3276164532,0.7546875000,0.5420625000,4.8735000000
364.4275641441,0.7548750000,0.5418750000,4.8735000000
364.5274486542,0.7546875000,0.5424375000,4.8735000000
364.6275658607,0.7546875000,0.5418750000,4.8733125000
364.7274763584,0.7546875000,0.5422500000,4.8735000000
364.8275671005,0.7548750000,0.5426250000,4.8735000000
364.9283392429,0.7548750000,0.5426250000,4.8735000000
365.0276026726,0.7548750000,0.5426250000,4.8735000000
365.1276087761,0.7548750000,0.5418750000,4.8735000000
365.2274329662,0.7548750000,0.5418750000,4.8736875000
365.3274145126,0.7548750000,0.5428125000,4.8735000000
365.4274482727,0.7548750000,0.5420625000,4.8736875000
365.5274105072,0.7548750000,0.5422500000,4.8736875000
365.6274425983,0.7550625000,0.5426250000,4.8736875000
365.7275927067,0.7548750000,0.5428125000,4.8727500000
365.8276243210,0.7550625000,0.5422500000,4.8735000000
365.9275653362,0.7546875000,0.5420625000,4.8735000000
366.0275936127,0.7554375000,0.5422500000,4.8735000000
366.1276066303,0.7550625000,0.5424375000,4.8735000000
366.2274320126,0.7550625000,0.5424375000,4.8735000000
366.3276369572,0.7550625000,0.5420625000,4.8735000000
366.4275717735,0.7552500000,0.5420625000,4.8735000000
366.5274708271,0.7548750000,0.5422500000,4.8735000000
366.6275804043,0.7550625000,0.5418750000,4.8735000000
366.7274656296,0.7552500000,0.5415000000,4.8735000000
366.8275189400,0.7550625000,0.5431875000,4.8735000000
366.9274618626,0.7550625000,0.5422500000,4.8735000000
367.0274355412,0.7550625000,0.5422500000,4.8735000000
367.1275920868,0.7550625000,0.5420625000,4.8735000000
367.2275390625,0.7550625000,0.5422500000,4.8735000000
367.3276257515,0.7550625000,0.5422500000,4.8735000000
367.4274377823,0.7550625000,0.5424375000,4.8735000000
367.5274710655,0.7552500000,0.5418750000,4.8736875000
367.6275622845,0.7552500000,0.5418750000,4.8736875000
367.7276070118,0.7552500000,0.5428125000,4.8736875000
367.8274841309,0.7552500000,0.5420625000,4.8735000000
367.9276349545,0.7550625000,0.5418750000,4.8735000000
368.0276308060,0.7550625000,0.5422500000,4.8736875000
368.1276206970,0.7550625000,0.5422500000,4.8736875000
368.2274341583,0.7550625000,0.5430000000,4.8731250000
368.3274500370,0.7552500000,0.5422500000,4.8735000000
368.4274551868,0.7548750000,0.5422500000,4.8735000000
368.5274364948,0.7550625000,0.5416875000,4.8735000000
368.6275510788,0.7548750000,0.5418750000,4.8735000000
368.7274680138,0.7554375000,0.5418750000,4.8735000000
368.8276333809,0.7554375000,0.5418750000,4.8735000000
368.9275813103,0.7554375000,0.5426250000,4.8735000000
369.0287866592,0.7552500000,0.5418750000,4.8735000000
369.1276259422,0.7550625000,0.5420625000,4.8735000000
369.2274997234,0.7554375000,0.5420625000,4.8735000000
369.3276205063,0.7552500000,0.5420625000,4.8735000000
369.4275088310,0.7554375000,0.5418750000,4.8733125000
369.5275626183,0.7554375000,0.5418750000,4.8735000000
369.6278364658,0.7552500000,0.5420625000,4.8733125000
369.7276923656,0.7552500000,0.5420625000,4.8735000000
369.8276724815,0.7552500000,0.5420625000,4.8735000000
369.9276289940,0.7550625000,0.5416875000,4.8738750000
370.0276346207,0.7554375000,0.5422500000,4.8735000000
370.1277382374,0.7554375000,0.5413125000,4.8735000000
370.2275359631,0.7554375000,0.5420625000,4.8735000000
370.3276326656,0.7552500000,0.5418750000,4.8735000000
370.4277634621,0.7554375000,0.5418750000,4.8736875000
370.5276765823,0.7554375000,0.5422500000,4.8735000000
370.6276197433,0.7554375000,0.5424375000,4.8714375000
370.7275662422,0.7550625000,0.5418750000,4.8735000000
370.8275620937,0.7556250000,0.5422500000,4.8733125000
370.9274942875,0.7556250000,0.5426250000,4.8736875000
371.0274803638,0.7554375000,0.5422500000,4.8735000000
371.1276676655,0.7556250000,0.5422500000,4.8735000000
371.2276034355,0.7554375000,0.5420625000,4.8735000000
371.3275771141,0.7556250000,0.5418750000,4.8733125000
371.4275965691,0.7554375000,0.5420625000,4.8735000000
371.5284173489,0.7554375000,0.5424375000,4.8735000000
371.6275045872,0.7554375000,0.5418750000,4.8733125000
371.7275919914,0.7554375000,0.5428125000,4.8735000000
371.8276116848,0.7554375000,0.5424375000,4.8735000000
371.9276018143,0.7554375000,0.5430000000,4.8735000000
372.0276091099,0.7552500000,0.5418750000,4.8735000000
372.1276180744,0.7556250000,0.5416875000,4.8735000000
372.2274389267,0.7554375000,0.5415000000,4.8735000000
372.3274617195,0.7556250000,0.5420625000,4.8735000000
372.4275527000,0.7554375000,0.5420625000,4.8733125000
372.5274155140,0.7554375000,0.5420625000,4.8735000000
372.6274416447,0.7556250000,0.5424375000,4.8733125000
372.7274277210,0.7554375000,0.5422500000,4.8736875000
372.8274707794,0.7556250000,0.5426250000,4.8735000000
372.9274649620,0.7556250000,0.5418750000,4.8736875000
373.0276086330,0.7556250000,0.5422500000,4.8736875000
373.1276283264,0.7556250000,0.5418750000,4.8736875000
373.2290382385,0.7556250000,0.5418750000,4.8735000000
373.3277430534,0.7556250000,0.5422500000,4.8735000000
373.4275486469,0.7560000000,0.5424375000,4.8733125000
373.5274667740,0.7560000000,0.5418750000,4.8735000000
373.6274669170,0.7556250000,0.5424375000,4.8733125000
373.7275543213,0.7558125000,0.5426250000,4.8735000000
373.8275389671,0.7554375000,0.5422500000,4.8735000000
373.9275176525,0.7556250000,0.5415000000,4.8735000000
374.0274934769,0.7556250000,0.5424375000,4.8733125000
374.1276335716,0.7558125000,0.5430000000,4.8735000000
374.2275507450,0.7552500000,0.5418750000,4.8735000000
374.3274500370,0.7554375000,0.5418750000,4.8733125000
374.4274218082,0.7556250000,0.5424375000,4.8735000000
374.5274219513,0.7556250000,0.5420625000,4.8735000000
374.6290678978,0.7558125000,0.5422500000,4.8735000000
374.7276291847,0.7554375000,0.5422500000,4.8735000000
374.8277490139,0.7556250000,0.5422500000,4.8735000000
374.9274597168,0.7558125000,0.5420625000,4.8735000000
375.0274424553,0.7556250000,0.5422500000,4.8733125000
375.1277492046,0.7558125000,0.5426250000,4.8735000000
375.2274940014,0.7556250000,0.5430000000,4.8736875000
375.3274786472,0.7558125000,0.5424375000,4.8735000000
375.4274337292,0.7558125000,0.5422500000,4.8735000000
375.5276570320,0.7558125000,0.5418750000,4.8736875000
375.6276044846,0.7558125000,0.5422500000,4.8735000000
375.7275104523,0.7560000000,0.5430000000,4.8735000000
375.8276352882,0.7560000000,0.5426250000,4.8735000000
375.9275853634,0.7558125000,0.5426250000,4.8733125000
376.0279927254,0.7558125000,0.5418750000,4.8735000000
376.1276710033,0.7560000000,0.5435625000,4.8733125000
376.2275786400,0.7558125000,0.5424375000,4.8735000000
376.3276607990,0.7560000000,0.5430000000,4.8735000000
376.4275650978,0.7558125000,0.5418750000,4.8735000000
376.5274548531,0.7558125000,0.5422500000,4.8735000000
376.6274371147,0.7558125000,0.5422500000,4.8735000000
376.7274134159,0.7560000000,0.5418750000,4.8733125000
376.8274350166,0.7558125000,0.5418750000,4.8733125000
376.9274091721,0.7558125000,0.5430000000,4.8735000000
377.0274178982,0.7561875000,0.5422500000,4.8733125000
377.1276338100,0.7558125000,0.5431875000,4.8735000000
377.2275574207,0.7558125000,0.5431875000,4.8733125000
377.3274917603,0.7560000000,0.5426250000,4.8735000000
377.4276101589,0.7560000000,0.5426250000,4.8735000000
377.5274090767,0.7560000000,0.5418750000,4.8733125000
377.6274664402,0.7558125000,0.5422500000,4.8735000000
377.7275388241,0.7558125000,0.5418750000,4.8735000000
377.8276450634,0.7558125000,0.5428125000,4.8733125000
377.9274637699,0.7560000000,0.5420625000,4.8736875000
378.0276350975,0.7560000000,0.5424375000,4.8735000000
378.1276230812,0.7560000000,0.5422500000,4.8736875000
378.2275702953,0.7560000000,0.5422500000,4.8735000000
378.3274738789,0.7560000000,0.5422500000,4.8736875000
378.4277088642,0.7560000000,0.5420625000,4.8736875000
378.5275788307,0.7560000000,0.5430000000,4.8736875000
378.6274669170,0.7558125000,0.5431875000,4.8729375000
378.7281317711,0.7558125000,0.5426250000,4.8735000000
378.8275978565,0.7561875000,0.5420625000,4.8733125000
378.9274699688,0.7561875000,0.5431875000,4.8735000000
379.0274293423,0.7560000000,0.5430000000,4.8735000000
379.1275801659,0.7560000000,0.5424375000,4.8735000000
379.2274324894,0.7560000000,0.5424375000,4.8735000000
379.3277313709,0.7560000000,0.5428125000,4.8733125000
379.4276125431,0.7560000000,0.5420625000,4.8735000000
379.5274529457,0.7561875000,0.5428125000,4.8733125000
379.6275587082,0.7560000000,0.5428125000,4.8733125000
379.7276117802,0.7561875000,0.5422500000,4.8733125000
379.8275830746,0.7561875000,0.5428125000,4.8735000000
379.9274187088,0.7563750000,0.5422500000,4.8733125000
380.0274608135,0.7563750000,0.5433750000,4.8735000000
380.1286575794,0.7561875000,0.5424375000,4.8733125000
380.2274818420,0.7561875000,0.5422500000,4.8735000000
380.3274998665,0.7560000000,0.5418750000,4.8733125000
380.4274115562,0.7560000000,0.5420625000,4.8735000000
380.5274322033,0.7561875000,0.5416875000,4.8735000000
380.6275928020,0.7561875000,0.5422500000,4.8736875000
380.7277233601,0.7561875000,0.5420625000,4.8735000000
380.8276374340,0.7563750000,0.5424375000,4.8735000000
380.9274206161,0.7561875000,0.5422500000,4.8735000000
381.0275661945,0.7561875000,0.5420625000,4.8736875000
381.1276001930,0.7563750000,0.5428125000,4.8736875000
381.2275245190,0.7563750000,0.5430000000,4.8729375000
381.3276383877,0.7563750000,0.5424375000,4.8733125000
381.4274768829,0.7565625000,0.5428125000,4.8735000000
381.5275993347,0.7565625000,0.5426250000,4.8735000000
381.6275024414,0.7563750000,0.5428125000,4.8735000000
381.7275767326,0.7563750000,0.5420625000,4.8735000000
381.8276076317,0.7561875000,0.5422500000,4.8735000000
381.9274706841,0.7563750000,0.5426250000,4.8735000000
382.0275821686,0.7563750000,0.5424375000,4.8735000000
382.1276245117,0.7563750000,0.5420625000,4.8735000000
382.2274992466,0.7565625000,0.5428125000,4.8733125000
382.3277652264,0.7567500000,0.5422500000,4.8733125000
382.4274997711,0.7563750000,0.5422500000,4.8735000000
382.5275964737,0.7565625000,0.5422500000,4.8733125000
382.6274998188,0.7565625000,0.5424375000,4.8735000000
382.7275779247,0.7567500000,0.5426250000,4.8735000000
382.8277511597,0.7565625000,0.5424375000,4.8735000000
382.9277319908,0.7567500000,0.5426250000,4.8735000000
383.0276217461,0.7565625000,0.5424375000,4.8735000000
383.1276586056,0.7565625000,0.5422500000,4.8735000000
383.2275893688,0.7567500000,0.5424375000,4.8735000000
383.3275969028,0.7567500000,0.5428125000,4.8736875000
383.4275240898,0.7565625000,0.5422500000,4.8735000000
383.5275280476,0.7565625000,0.5424375000,4.8735000000
383.6274991035,0.7565625000,0.5424375000,4.8736875000
383.7274920940,0.7567500000,0.5428125000,4.8735000000
383.8276488781,0.7565625000,0.5428125000,4.8735000000
383.9275379181,0.7565625000,0.5428125000,4.8735000000
384.0275690556,0.7569375000,0.5430000000,4.8735000000
384.1277620792,0.7565625000,0.5430000000,4.8735000000
384.2275590897,0.7567500000,0.5430000000,4.8733125000
384.3276548386,0.7569375000,0.5415000000,4.8735000000
384.4283456802,0.7567500000,0.5424375000,4.8735000000
384.5276002884,0.7567500000,0.5416875000,4.8735000000
384.6275565624,0.7567500000,0.5416875000,4.8735000000
384.7274279594,0.7567500000,0.5422500000,4.8735000000
384.8275346756,0.7569375000,0.5428125000,4.8735000000
384.9275872707,0.7567500000,0.5416875000,4.8735000000
385.0274546146,0.7569375000,0.5426250000,4.8733125000
385.1276161671,0.7567500000,0.5426250000,4.8733125000
385.2275452614,0.7567500000,0.5430000000,4.8735000000
385.3277580738,0.7567500000,0.5426250000,4.8733125000
385.4274473190,0.7569375000,0.5426250000,4.8733125000
385.5274918079,0.7565625000,0.5428125000,4.8735000000
385.6275494099,0.7567500000,0.5430000000,4.8735000000
385.7287425995,0.7569375000,0.5431875000,4.8735000000
385.8275814056,0.7569375000,0.5426250000,4.8735000000
385.9275813103,0.7569375000,0.5426250000,4.8735000000
386.0274214745,0.7569375000,0.5428125000,4.8735000000
386.1276209354,0.7571250000,0.5433750000,4.8735000000
386.2274515629,0.7569375000,0.5428125000,4.8735000000
386.3275604248,0.7567500000,0.5428125000,4.8733125000
386.4274778366,0.7567500000,0.5426250000,4.8735000000
386.5274732113,0.7573125000,0.5426250000,4.8733125000
386.6278207302,0.7569375000,0.5430000000,4.8735000000
386.7276074886,0.7569375000,0.5426250000,4.8735000000
386.8276729584,0.7569375000,0.5428125000,4.8733125000
386.9275197983,0.7571250000,0.5426250000,4.8733125000
387.0274422169,0.7571250000,0.5428125000,4.8733125000
387.1276473999,0.7569375000,0.5426250000,4.8733125000
387.2276468277,0.7569375000,0.5428125000,4.8733125000
387.3276627064,0.7567500000,0.5424375000,4.8735000000
387.4275681973,0.7573125000,0.5431875000,4.8735000000
387.5278654099,0.7569375000,0.5424375000,4.8733125000
387.6275434494,0.7571250000,0.5431875000,4.8733125000
387.7276520729,0.7569375000,0.5422500000,4.8735000000
387.8276424408,0.7569375000,0.5424375000,4.8735000000
387.9275994301,0.7571250000,0.5420625000,4.8733125000
388.0276176929,0.7571250000,0.5430000000,4.8735000000
388.1276195049,0.7571250000,0.5426250000,4.8735000000
388.2276260853,0.7573125000,0.5428125000,4.8735000000
388.3277652264,0.7573125000,0.5430000000,4.8735000000
388.4274971485,0.7571250000,0.5433750000,4.8735000000
388.5277645588,0.7573125000,0.5422500000,4.8735000000
388.6277003288,0.7573125000,0.5426250000,4.8736875000
388.7276065350,0.7573125000,0.5435625000,4.8735000000
388.8274607658,0.7567500000,0.5433750000,4.8720000000
388.9275653362,0.7573125000,0.5431875000,4.8735000000
389.0274374485,0.7575000000,0.5430000000,4.8733125000
389.1276242733,0.7571250000,0.5435625000,4.8735000000
389.2275996208,0.7573125000,0.5426250000,4.8733125000
389.3274288177,0.7573125000,0.5431875000,4.8733125000
389.4275715351,0.7573125000,0.5422500000,4.8733125000
389.5275542736,0.7573125000,0.5430000000,4.8735000000
389.6274724007,0.7575000000,0.5426250000,4.8733125000
389.7275180817,0.7575000000,0.5428125000,4.8735000000
389.8277051449,0.7573125000,0.5426250000,4.8735000000
389.9277696609,0.7573125000,0.5431875000,4.8735000000
390.0274775028,0.7575000000,0.5433750000,4.8733125000
390.1276087761,0.7575000000,0.5430000000,4.8735000000
390.2274343967,0.7573125000,0.5426250000,4.8735000000
390.3274390697,0.7573125000,0.5426250000,4.8735000000
390.4275810719,0.7573125000,0.5430000000,4.8735000000
390.5275576115,0.7573125000,0.5428125000,4.8733125000
390.6274561882,0.7575000000,0.5433750000,4.8733125000
390.7275671959,0.7573125000,0.5426250000,4.8736875000
390.8276216984,0.7575000000,0.5428125000,4.8735000000
390.9275243282,0.7575000000,0.5424375000,4.8736875000
391.0274922848,0.7575000000,0.5422500000,4.8735000000
391.1276993752,0.7575000000,0.5430000000,4.8735000000
391.2277522087,0.7575000000,0.5426250000,4.8735000000
391.3277037144,0.7576875000,0.5428125000,4.8735000000
391.4275720119,0.7576875000,0.5422500000,4.8718125000
391.5274460316,0.7576875000,0.5428125000,4.8735000000
391.6274542809,0.7576875000,0.5426250000,4.8735000000
391.7274582386,0.7575000000,0.5426250000,4.8735000000
391.8275928497,0.7575000000,0.5426250000,4.8735000000
391.9274790287,0.7576875000,0.5422500000,4.8735000000
392.0274732113,0.7575000000,0.5431875000,4.8735000000
392.1277410984,0.7576875000,0.5426250000,4.8735000000
392.2276015282,0.7576875000,0.5433750000,4.8735000000
392.3274474144,0.7576875000,0.5431875000,4.8735000000
392.4274513721,0.7576875000,0.5426250000,4.8735000000
392.5274424553,0.7576875000,0.5431875000,4.8735000000
392.6290347576,0.7576875000,0.5431875000,4.8735000000
392.7277593613,0.7576875000,0.5433750000,4.8735000000
392.8278195858,0.7575000000,0.5430000000,4.8735000000
392.9275212288,0.7576875000,0.5431875000,4.8735000000
393.0277564526,0.7576875000,0.5428125000,4.8735000000
393.1277546883,0.7578750000,0.5428125000,4.8735000000
393.2275943756,0.7578750000,0.5433750000,4.8735000000
393.3274672031,0.7576875000,0.5431875000,4.8738750000
393.4274675846,0.7578750000,0.5433750000,4.8736875000
393.5274519920,0.7578750000,0.5431875000,4.8735000000
393.6275925636,0.7578750000,0.5435625000,4.8735000000
393.7275493145,0.7578750000,0.5430000000,4.8736875000
393.8274836540,0.7580625000,0.5430000000,4.8736875000
393.9276037216,0.7578750000,0.5433750000,4.8736875000
394.0291097164,0.7576875000,0.5433750000,4.8718125000
394.1276199818,0.7578750000,0.5428125000,4.8733125000
394.2275226116,0.7578750000,0.5431875000,4.8735000000
394.3277909756,0.7578750000,0.5430000000,4.8736875000
394.4275097847,0.7578750000,0.5435625000,4.8733125000
394.5274734497,0.7576875000,0.5433750000,4.8735000000
394.6274986267,0.7578750000,0.5437500000,4.8735000000
394.7274954319,0.7578750000,0.5431875000,4.8733125000
394.8276557922,0.7580625000,0.5431875000,4.8733125000
394.9274992943,0.7578750000,0.5433750000,4.8735000000
395.0277040005,0.7582500000,0.5433750000,4.8735000000
395.1276390553,0.7580625000,0.5433750000,4.8735000000
395.2275972366,0.7578750000,0.5426250000,4.8735000000
395.3275921345,0.7578750000,0.5431875000,4.8735000000
395.4290285110,0.7582500000,0.5431875000,4.8733125000
395.5276668072,0.7580625000,0.5437500000,4.8733125000
395.6276142597,0.7580625000,0.5437500000,4.8735000000
395.7274892330,0.7582500000,0.5433750000,4.8733125000
395.8278706074,0.7582500000,0.5430000000,4.8735000000
395.9276404381,0.7580625000,0.5439375000,4.8733125000
396.0276196003,0.7580625000,0.5435625000,4.8736875000
396.1277394295,0.7582500000,0.5435625000,4.8735000000
396.2276217937,0.7582500000,0.5435625000,4.8736875000
396.3274984360,0.7582500000,0.5433750000,4.8735000000
396.4275240898,0.7582500000,0.5431875000,4.8735000000
396.5275924206,0.7582500000,0.5431875000,4.8736875000
396.6274926662,0.7582500000,0.5431875000,4.8735000000
396.7275817394,0.7582500000,0.5437500000,4.8736875000
396.8275249004,0.7580625000,0.5435625000,4.8731250000
396.9276523590,0.7582500000,0.5435625000,4.8735000000
397.0275025368,0.7584375000,0.5426250000,4.8733125000
397.1276783943,0.7584375000,0.5437500000,4.8733125000
397.2275662422,0.7582500000,0.5433750000,4.8733125000
397.3286292553,0.7584375000,0.5426250000,4.8736875000
397.4274523258,0.7586250000,0.5435625000,4.8735000000
397.5275168419,0.7582500000,0.5431875000,4.8735000000
397.6275353432,0.7582500000,0.5431875000,4.8735000000
397.7274310589,0.7582500000,0.5431875000,4.8733125000
397.8276019096,0.7586250000,0.5431875000,4.8735000000
397.9274604321,0.7586250000,0.5422500000,4.8735000000
398.0276844501,0.7584375000,0.5430000000,4.8735000000
398.1277234554,0.7584375000,0.5431875000,4.8735000000
398.2275977135,0.7586250000,0.5426250000,4.8733125000
398.3277313709,0.7584375000,0.5431875000,4.8733125000
398.4276878834,0.7588125000,0.5435625000,4.8735000000
398.5274701118,0.7584375000,0.5428125000,4.8735000000
398.6274487972,0.7586250000,0.5428125000,4.8735000000
398.7275581360,0.7584375000,0.5420625000,4.8735000000
398.8277616501,0.7584375000,0.5433750000,4.8733125000
398.9275150299,0.7586250000,0.5422500000,4.8736875000
399.0274806023,0.7584375000,0.5431875000,4.8736875000
399.1276628971,0.7584375000,0.5424375000,4.8736875000
399.2274324894,0.7586250000,0.5433750000,4.8735000000
399.3275802135,0.7586250000,0.5435625000,4.8736875000
399.4274811745,0.7586250000,0.5424375000,4.8735000000
399.5274236202,0.7586250000,0.5433750000,4.8735000000
399.6281325817,0.7584375000,0.5435625000,4.8727500000
399.7275917530,0.7584375000,0.5435625000,4.8735000000
399.8274843693,0.7586250000,0.5424375000,4.8733125000
399.9275701046,0.7586250000,0.5426250000,4.8735000000
400.0274729729,0.7586250000,0.5430000000,4.8733125000
400.1277501583,0.7586250000,0.5428125000,4.8735000000
400.2274110317,0.7584375000,0.5433750000,4.8735000000
400.3276317120,0.7586250000,0.5441250000,4.8735000000
400.4274663925,0.7584375000,0.5433750000,4.8735000000
400.5274534225,0.7588125000,0.5430000000,4.8735000000
400.6274783611,0.7586250000,0.5426250000,4.8735000000
400.7274277210,0.7588125000,0.5430000000,4.8735000000
400.8275301456,0.7584375000,0.5433750000,4.8735000000
400.9274780750,0.7586250000,0.5431875000,4.8735000000
401.0286774635,0.7588125000,0.5431875000,4.8735000000
401.1276478767,0.7586250000,0.5433750000,4.8735000000
401.2275631428,0.7586250000,0.5435625000,4.8733125000
401.3275568485,0.7588125000,0.5435625000,4.8735000000
401.4274239540,0.7586250000,0.5433750000,4.8735000000
401.5274000168,0.7588125000,0.5435625000,4.8736875000
401.6274302006,0.7588125000,0.5430000000,4.8736875000
401.7274303436,0.7590000000,0.5430000000,4.8735000000
401.8276312351,0.7590000000,0.5433750000,4.8735000000
401.9274532795,0.7590000000,0.5433750000,4.8736875000
402.0275788307,0.7590000000,0.5439375000,4.8736875000
402.1276485920,0.7590000000,0.5426250000,4.8735000000
402.2274513245,0.7588125000,0.5431875000,4.8727500000
402.3274052143,0.7590000000,0.5435625000,4.8735000000
402.4277172089,0.7590000000,0.5433750000,4.8736875000
402.5275521278,0.7591875000,0.5428125000,4.8735000000
402.6274416447,0.7590000000,0.5433750000,4.8735000000
402.7274713516,0.7591875000,0.5433750000,4.8735000000
402.8277783394,0.7590000000,0.5428125000,4.8735000000
402.9274702072,0.7588125000,0.5433750000,4.8735000000
403.0276546478,0.7590000000,0.5431875000,4.8735000000
403.1276218891,0.7591875000,0.5435625000,4.8735000000
403.2277357578,0.7590000000,0.5435625000,4.8735000000
403.3277568817,0.7590000000,0.5428125000,4.8733125000
403.4274702072,0.7588125000,0.5431875000,4.8735000000
403.5274353027,0.7590000000,0.5435625000,4.8735000000
403.6275548935,0.7590000000,0.5431875000,4.8735000000
403.7274894714,0.7591875000,0.5433750000,4.8733125000
403.8276562691,0.7591875000,0.5422500000,4.8733125000
403.9274666309,0.7588125000,0.5426250000,4.8735000000
404.0274262428,0.7591875000,0.5428125000,4.8735000000
404.1276049614,0.7591875000,0.5430000000,4.8733125000
404.2275083065,0.7591875000,0.5426250000,4.8735000000
404.3274598122,0.7591875000,0.5426250000,4.8735000000
404.4274163246,0.7591875000,0.5424375000,4.8736875000
404.5274345875,0.7591875000,0.5424375000,4.8736875000
404.6274204254,0.7591875000,0.5431875000,4.8736875000
404.7274293900,0.7593750000,0.5428125000,4.8735000000
404.8276352882,0.7591875000,0.5426250000,4.8735000000
404.9274535179,0.7593750000,0.5424375000,4.8735000000
405.0274672508,0.7590000000,0.5426250000,4.8735000000
405.1291968822,0.7593750000,0.5431875000,4.8735000000
405.2276785374,0.7590000000,0.5433750000,4.8735000000
405.3277244568,0.7591875000,0.5422500000,4.8735000000
405.4275028706,0.7595625000,0.5433750000,4.8735000000
405.5275754929,0.7591875000,0.5428125000,4.8735000000
405.6274137497,0.7593750000,0.5433750000,4.8735000000
405.7274127007,0.7593750000,0.5430000000,4.8733125000
405.8274450302,0.7591875000,0.5430000000,4.8735000000
405.9274337292,0.7591875000,0.5426250000,4.8735000000
406.0274758339,0.7591875000,0.5431875000,4.8735000000
406.1277112961,0.7595625000,0.5430000000,4.8735000000
406.2275390625,0.7593750000,0.5431875000,4.8735000000
406.3276324272,0.7591875000,0.5431875000,4.8735000000
406.4274685383,0.7593750000,0.5424375000,4.8735000000
406.5290789604,0.7593750000,0.5426250000,4.8735000000
406.6277029514,0.7593750000,0.5428125000,4.8733125000
406.7274255753,0.7597500000,0.5435625000,4.8735000000
406.8275268078,0.7595625000,0.5431875000,4.8736875000
406.9274845123,0.7595625000,0.5433750000,4.8735000000
407.0275123119,0.7595625000,0.5428125000,4.8735000000
407.1276321411,0.7593750000,0.5433750000,4.8735000000
407.2276539803,0.7595625000,0.5430000000,4.8735000000
407.3276534081,0.7595625000,0.5431875000,4.8735000000
407.4274950027,0.7595625000,0.5430000000,4.8716250000
407.5275866985,0.7593750000,0.5428125000,4.8735000000
407.6276493073,0.7595625000,0.5428125000,4.8735000000
407.7274427414,0.7593750000,0.5433750000,4.8735000000
407.8277547359,0.7595625000,0.5435625000,4.8733125000
407.9290964603,0.7595625000,0.5431875000,4.8735000000
408.0276741982,0.7595625000,0.5431875000,4.8735000000
408.1278080940,0.7595625000,0.5428125000,4.8735000000
408.2276160717,0.7597500000,0.5430000000,4.8735000000
408.3274941444,0.7595625000,0.5430000000,4.8735000000
408.4276938438,0.7595625000,0.5430000000,4.8733125000
408.5276041031,0.7593750000,0.5431875000,4.8735000000
408.6277081966,0.7597500000,0.5431875000,4.8735000000
408.7275798321,0.7595625000,0.5431875000,4.8735000000
408.8274967670,0.7595625000,0.5431875000,4.8733125000
408.9274725914,0.7597500000,0.5430000000,4.8735000000
409.0275115967,0.7597500000,0.5431875000,4.8735000000
409.1276278496,0.7595625000,0.5431875000,4.8735000000
409.2274913788,0.7597500000,0.5431875000,4.8735000000
409.3284344673,0.7597500000,0.5431875000,4.8735000000
409.4276456833,0.7597500000,0.5431875000,4.8736875000
409.5275888443,0.7597500000,0.5431875000,4.8735000000
409.6275250912,0.7597500000,0.5431875000,4.8736875000
409.7275788784,0.7597500000,0.5424375000,4.8736875000
409.8276407719,0.7599375000,0.5439375000,4.8736875000
409.9274938107,0.7597500000,0.5426250000,4.8735000000
410.0274140835,0.7597500000,0.5431875000,4.8736875000
410.1285924911,0.7597500000,0.5426250000,4.8729375000
410.2275617123,0.7597500000,0.5426250000,4.8735000000
410.3274278641,0.7595625000,0.5426250000,4.8735000000
410.4274563789,0.7599375000,0.5422500000,4.8735000000
410.5274729729,0.7599375000,0.5418750000,4.8735000000
410.6275296211,0.7603125000,0.5430000000,4.8735000000
410.7283883095,0.7597500000,0.5426250000,4.8735000000
410.8277070522,0.7599375000,0.5428125000,4.8735000000
410.9275121689,0.7597500000,0.5424375000,4.8735000000
411.0274128914,0.7601250000,0.5435625000,4.8735000000
411.1276564598,0.7595625000,0.5424375000,4.8735000000
411.2275490761,0.7599375000,0.5428125000,4.8735000000
411.3275437355,0.7597500000,0.5422500000,4.8735000000
411.4274909496,0.7599375000,0.5422500000,4.8735000000
411.5276038647,0.7599375000,0.5430000000,4.8735000000
411.6275527477,0.7599375000,0.5422500000,4.8733125000
411.7274327278,0.7599375000,0.5422500000,4.8735000000
411.8274214268,0.7601250000,0.5428125000,4.8733125000
411.9274809361,0.7601250000,0.5426250000,4.8735000000
412.0274763107,0.7599375000,0.5418750000,4.8735000000
412.1286540031,0.7599375000,0.5420625000,4.8735000000
412.2276132107,0.7599375000,0.5422500000,4.8735000000
412.3276324272,0.7599375000,0.5420625000,4.8735000000
412.4275639057,0.7601250000,0.5420625000,4.8735000000
412.5274682045,0.7601250000,0.5422500000,4.8735000000
412.6276323795,0.7601250000,0.5420625000,4.8735000000
412.7275364399,0.7601250000,0.5430000000,4.8735000000
412.8275871277,0.7601250000,0.5424375000,4.8735000000
412.9274411201,0.7597500000,0.5420625000,4.8733125000
413.0276529789,0.7599375000,0.5420625000,4.8735000000
413.1276123524,0.7601250000,0.5428125000,4.8736875000
413.2274603844,0.7603125000,0.5428125000,4.8735000000
413.3276681900,0.7601250000,0.5431875000,4.8733125000
413.4276492596,0.7601250000,0.5424375000,4.8735000000
413.5289530754,0.7603125000,0.5422500000,4.8735000000
413.6276161671,0.7603125000,0.5424375000,4.8735000000
413.7274503708,0.7603125000,0.5431875000,4.8735000000
413.8276469707,0.7601250000,0.5426250000,4.8735000000
413.9274802208,0.7603125000,0.5426250000,4.8733125000
414.0274527073,0.7605000000,0.5426250000,4.8735000000
414.1275887489,0.7605000000,0.5428125000,4.8735000000
414.2274267673,0.7603125000,0.5424375000,4.8735000000
414.3274464607,0.7605000000,0.5422500000,4.8735000000
414.4274961948,0.7601250000,0.5430000000,4.8735000000
414.5275139809,0.7605000000,0.5422500000,4.8735000000
414.6274650097,0.7603125000,0.5424375000,4.8735000000
414.7274863720,0.7605000000,0.5430000000,4.8733125000
414.8277554512,0.7603125000,0.5428125000,4.8735000000
414.9276194572,0.7605000000,0.5418750000,4.8735000000
415.0274837017,0.7603125000,0.5426250000,4.8735000000
415.1276221275,0.7605000000,0.5418750000,4.8736875000
415.2275140285,0.7605000000,0.5426250000,4.8736875000
415.3276307583,0.7605000000,0.5430000000,4.8735000000
415.4274957180,0.7606875000,0.5426250000,4.8736875000
415.5274705887,0.7606875000,0.5424375000,4.8733125000
415.6275126934,0.7605000000,0.5424375000,4.8735000000
415.7274606228,0.7603125000,0.5426250000,4.8735000000
415.8275556564,0.7603125000,0.5418750000,4.8735000000
415.9274690151,0.7605000000,0.5431875000,4.8735000000
416.0274410248,0.7605000000,0.5430000000,4.8735000000
416.1276514530,0.7605000000,0.5420625000,4.8735000000
416.2286686897,0.7603125000,0.5418750000,4.8735000000
416.3276205063,0.7605000000,0.5430000000,4.8735000000
416.4276173115,0.7605000000,0.5420625000,4.8735000000
416.5275435448,0.7606875000,0.5420625000,4.8733125000
416.6274065971,0.7606875000,0.5418750000,4.8733125000
416.7275135517,0.7605000000,0.5422500000,4.8733125000
416.8276822567,0.7606875000,0.5418750000,4.8733125000
416.9274811745,0.7605000000,0.5430000000,4.8733125000
417.0276606083,0.7605000000,0.5422500000,4.8735000000
417.1277408600,0.7606875000,0.5418750000,4.8735000000
417.2274599075,0.7605000000,0.5426250000,4.8735000000
417.3275499344,0.7606875000,0.5418750000,4.8735000000
417.4274873734,0.7606875000,0.5418750000,4.8735000000
417.5274279118,0.7606875000,0.5428125000,4.8736875000
417.6284832954,0.7606875000,0.5418750000,4.8736875000
417.7276036739,0.7606875000,0.5426250000,4.8735000000
417.8276174068,0.7608750000,0.5428125000,4.8735000000
417.9275171757,0.7606875000,0.5418750000,4.8735000000
418.0276734829,0.7606875000,0.5420625000,4.8733125000
418.1276085377,0.7610625000,0.5420625000,4.8733125000
418.2274441719,0.7606875000,0.5424375000,4.8733125000
418.3276913166,0.7608750000,0.5424375000,4.8735000000
418.4275813103,0.7606875000,0.5424375000,4.8735000000
418.5274901390,0.7605000000,0.5418750000,4.8735000000
418.6275317669,0.7606875000,0.5430000000,4.8735000000
418.7274467945,0.7610625000,0.5422500000,4.8735000000
418.8275520802,0.7606875000,0.5422500000,4.8735000000
418.9275329113,0.7606875000,0.5418750000,4.8735000000
419.0276269913,0.7608750000,0.5424375000,4.8733125000
419.1276259422,0.7606875000,0.5426250000,4.8735000000
419.2275800705,0.7610625000,0.5424375000,4.8735000000
419.3274261951,0.7610625000,0.5426250000,4.8735000000
419.4275207520,0.7610625000,0.5426250000,4.8735000000
419.5274243355,0.7606875000,0.5420625000,4.8733125000
419.6274211407,0.7608750000,0.5428125000,4.8735000000
419.7274749279,0.7612500000,0.5430000000,4.8735000000
419.8277139664,0.7608750000,0.5426250000,4.8735000000
419.9276432991,0.7608750000,0.5420625000,4.8735000000
420.0274949074,0.7610625000,0.5422500000,4.8735000000
420.1276342869,0.7610625000,0.5428125000,4.8735000000
420.2276012897,0.7608750000,0.5418750000,4.8735000000
420.3276112080,0.7608750000,0.5420625000,4.8736875000
420.4276325703,0.7608750000,0.5428125000,4.8735000000
420.5274722576,0.7610625000,0.5422500000,4.8736875000
420.6275212765,0.7608750000,0.5430000000,4.8735000000
420.7274670601,0.7608750000,0.5418750000,4.8735000000
420.8275144100,0.7608750000,0.5431875000,4.8733125000
420.9274742603,0.7606875000,0.5418750000,4.8735000000
421.0276494026,0.7605000000,0.5422500000,4.8735000000
421.1277546883,0.7610625000,0.5420625000,4.8735000000
421.2276146412,0.7612500000,0.5418750000,4.8735000000
421.3278112411,0.7610625000,0.5426250000,4.8735000000
421.4275169373,0.7612500000,0.5418750000,4.8735000000
421.5275826454,0.7608750000,0.5422500000,4.8733125000
421.6276328564,0.7612500000,0.5420625000,4.8735000000
421.7275202274,0.7612500000,0.5420625000,4.8735000000
421.8277614117,0.7610625000,0.5424375000,4.8735000000
421.9276463985,0.7612500000,0.5418750000,4.8735000000
422.0274875164,0.7614375000,0.5422500000,4.8733125000
422.1277492046,0.7612500000,0.5420625000,4.8733125000
422.2276291847,0.7614375000,0.5420625000,4.8735000000
422.3274745941,0.7610625000,0.5422500000,4.8733125000
422.4276003838,0.7612500000,0.5424375000,4.8735000000
422.5275287628,0.7612500000,0.5420625000,4.8735000000
422.6274871826,0.7614375000,0.5426250000,4.8735000000
422.7273972034,0.7614375000,0.5422500000,4.8735000000
422.8280096054,0.7614375000,0.5420625000,4.8736875000
422.9275100231,0.7612500000,0.5422500000,4.8735000000
423.0287737846,0.7614375000,0.5422500000,4.8735000000
423.1276268959,0.7614375000,0.5422500000,4.8735000000
423.2281451225,0.7612500000,0.5428125000,4.8733125000
423.3274686337,0.7614375000,0.5430000000,4.8735000000
423.4276199341,0.7616250000,0.5420625000,4.8735000000
423.5274615288,0.7618125000,0.5422500000,4.8735000000
423.6275453568,0.7612500000,0.5430000000,4.8735000000
423.7274212837,0.7614375000,0.5426250000,4.8735000000
423.8275637627,0.7614375000,0.5422500000,4.8735000000
423.9274561405,0.7614375000,0.5422500000,4.8733125000
424.0275213718,0.7614375000,0.5418750000,4.8735000000
424.1277031898,0.7614375000,0.5420625000,4.8735000000
424.2274606228,0.7618125000,0.5424375000,4.8735000000
424.3276286125,0.7612500000,0.5430000000,4.8735000000
424.4274551868,0.7616250000,0.5418750000,4.8733125000
424.5274486542,0.7616250000,0.5426250000,4.8733125000
424.6277062893,0.7618125000,0.5418750000,4.8733125000
424.7275521755,0.7616250000,0.5424375000,4.8735000000
424.8274855614,0.7616250000,0.5422500000,4.8733125000
424.9275159836,0.7620000000,0.5418750000,4.8735000000
425.0275559425,0.7616250000,0.5422500000,4.8735000000
425.1276304722,0.7616250000,0.5430000000,4.8735000000
425.2276096344,0.7618125000,0.5422500000,4.8735000000
425.3275539875,0.7618125000,0.5422500000,4.8735000000
425.4275441170,0.7616250000,0.5420625000,4.8735000000
425.5274374485,0.7618125000,0.5422500000,4.8735000000
425.6274249554,0.7620000000,0.5430000000,4.8735000000
425.7275674343,0.7614375000,0.5430000000,4.8725625000
425.8277118206,0.7620000000,0.5430000000,4.8735000000
425.9274883270,0.7618125000,0.5431875000,4.8736875000
426.0291519165,0.7618125000,0.5418750000,4.8733125000
426.1276640892,0.7616250000,0.5418750000,4.8733125000
426.2274799347,0.7616250000,0.5422500000,4.8735000000
426.3274226189,0.7616250000,0.5426250000,4.8735000000
426.4274890423,0.7616250000,0.5420625000,4.8735000000
426.5275864601,0.7618125000,0.5428125000,4.8733125000
426.6274285316,0.7618125000,0.5418750000,4.8735000000
426.7274510860,0.7620000000,0.5424375000,4.8733125000
426.8276302814,0.7621875000,0.5422500000,4.8735000000
426.9274291992,0.7620000000,0.5426250000,4.8733125000
427.0275177956,0.7618125000,0.5430000000,4.8735000000
427.1276359558,0.7621875000,0.5431875000,4.8735000000
427.2275614738,0.7616250000,0.5424375000,4.8735000000
427.3276410103,0.7620000000,0.5430000000,4.8735000000
427.4277667999,0.7620000000,0.5430000000,4.8735000000
427.5274863243,0.7620000000,0.5422500000,4.8735000000
427.6274604797,0.7621875000,0.5430000000,4.8735000000
427.7274451256,0.7620000000,0.5424375000,4.8735000000
427.8275556564,0.7621875000,0.5422500000,4.8736875000
427.9275784492,0.7620000000,0.5428125000,4.8735000000
428.0278346539,0.7621875000,0.5422500000,4.8736875000
428.1276357174,0.7621875000,0.5422500000,4.8736875000
428.2275021076,0.7620000000,0.5431875000,4.8729375000
428.3274869919,0.7621875000,0.5422500000,4.8733125000
428.4274656773,0.7623750000,0.5426250000,4.8735000000
428.5275607109,0.7623750000,0.5424375000,4.8735000000
428.6274394989,0.7620000000,0.5431875000,4.8735000000
428.7274091244,0.7620000000,0.5418750000,4.8733125000
428.8277101517,0.7620000000,0.5424375000,4.8735000000
428.9274852276,0.7621875000,0.5424375000,4.8735000000
429.0275526047,0.7620000000,0.5422500000,4.8735000000
429.1275944710,0.7620000000,0.5420625000,4.8735000000
429.2276005745,0.7621875000,0.5426250000,4.8735000000
429.3274357319,0.7623750000,0.5430000000,4.8735000000
429.4275572300,0.7620000000,0.5430000000,4.8735000000
429.5274274349,0.7621875000,0.5430000000,4.8735000000
429.6275546551,0.7621875000,0.5431875000,4.8735000000
429.7274069786,0.7621875000,0.5422500000,4.8735000000
429.8275582790,0.7623750000,0.5430000000,4.8735000000
429.9274303913,0.7623750000,0.5420625000,4.8735000000
430.0274720192,0.7623750000,0.5428125000,4.8735000000
430.1278715134,0.7623750000,0.5418750000,4.8736875000
430.2276084423,0.7623750000,0.5430000000,4.8735000000
430.3277192116,0.7621875000,0.5422500000,4.8735000000
430.4274508953,0.7623750000,0.5422500000,4.8735000000
430.5275263786,0.7625625000,0.5420625000,4.8735000000
430.6275007725,0.7623750000,0.5435625000,4.8735000000
430.7274155617,0.7623750000,0.5430000000,4.8735000000
430.8274958134,0.7623750000,0.5430000000,4.8720000000
430.9274494648,0.7621875000,0.5422500000,4.8735000000
431.0274417400,0.7627500000,0.5420625000,4.8733125000
431.1276805401,0.7623750000,0.5428125000,4.8735000000
431.2275955677,0.7625625000,0.5422500000,4.8733125000
431.3275399208,0.7621875000,0.5422500000,4.8733125000
431.4274327755,0.7625625000,0.5422500000,4.8733125000
431.5290505886,0.7625625000,0.5424375000,4.8735000000
431.6277318001,0.7623750000,0.5422500000,4.8735000000
431.7275335789,0.7627500000,0.5422500000,4.8735000000
431.8277440071,0.7627500000,0.5430000000,4.8735000000
431.9275779724,0.7627500000,0.5424375000,4.8735000000
432.0274364948,0.7623750000,0.5426250000,4.8733125000
432.1276605129,0.7625625000,0.5424375000,4.8735000000
432.2274558544,0.7625625000,0.5430000000,4.8733125000
432.3274943829,0.7623750000,0.5422500000,4.8735000000
432.4276432991,0.7625625000,0.5424375000,4.8733125000
432.5274555683,0.7625625000,0.5424375000,4.8735000000
432.6274962425,0.7625625000,0.5431875000,4.8733125000
432.7275896072,0.7627500000,0.5422500000,4.8735000000
432.8275668621,0.7625625000,0.5420625000,4.8735000000
432.9290835857,0.7625625000,0.5426250000,4.8735000000
433.0276718140,0.7625625000,0.5424375000,4.8735000000
433.1276309490,0.7627500000,0.5433750000,4.8735000000
433.2276420593,0.7625625000,0.5428125000,4.8735000000
433.3276765347,0.7625625000,0.5422500000,4.8735000000
433.4275355339,0.7625625000,0.5428125000,4.8729375000
433.5274727345,0.7629375000,0.5435625000,4.8733125000
433.6276919842,0.7625625000,0.5430000000,4.8735000000
433.7276244164,0.7625625000,0.5420625000,4.8735000000
433.8276283741,0.7629375000,0.5420625000,4.8735000000
433.9275393486,0.7625625000,0.5422500000,4.8733125000
434.0276174545,0.7625625000,0.5420625000,4.8735000000
434.1277585030,0.7627500000,0.5422500000,4.8735000000
434.2275414467,0.7629375000,0.5420625000,4.8735000000
434.3276860714,0.7627500000,0.5422500000,4.8733125000
434.4278192520,0.7625625000,0.5420625000,4.8735000000
434.5277109146,0.7627500000,0.5420625000,4.8735000000
434.6276602745,0.7627500000,0.5426250000,4.8735000000
434.7275862694,0.7629375000,0.5422500000,4.8733125000
434.8278424740,0.7629375000,0.5418750000,4.8733125000
434.9275112152,0.7625625000,0.5422500000,4.8735000000
435.0274703503,0.7627500000,0.5424375000,4.8733125000
435.1277713776,0.7629375000,0.5422500000,4.8736875000
435.2277796268,0.7629375000,0.5422500000,4.8735000000
435.3276450634,0.7629375000,0.5422500000,4.8735000000
435.4274933338,0.7629375000,0.5420625000,4.8735000000
435.5275630951,0.7629375000,0.5420625000,4.8735000000
435.6275880337,0.7631250000,0.5422500000,4.8735000000
435.7274155617,0.7629375000,0.5422500000,4.8736875000
435.8291704655,0.7629375000,0.5424375000,4.8712500000
435.9283888340,0.7627500000,0.5422500000,4.8733125000
436.0274648666,0.7627500000,0.5424375000,4.8735000000
436.1277332306,0.7629375000,0.5422500000,4.8733125000
436.2274153233,0.7629375000,0.5418750000,4.8735000000
436.3276417255,0.7631250000,0.5422500000,4.8735000000
436.4275083542,0.7631250000,0.5426250000,4.8735000000
436.5275256634,0.7629375000,0.5422500000,4.8735000000
436.6274828911,0.7627500000,0.5422500000,4.8735000000
436.7275559902,0.7629375000,0.5418750000,4.8735000000
436.8274567127,0.7629375000,0.5422500000,4.8735000000
436.9275171757,0.7627500000,0.5422500000,4.8735000000
437.0275430679,0.7631250000,0.5426250000,4.8735000000
437.1276254654,0.7629375000,0.5420625000,4.8735000000
437.2286581993,0.7629375000,0.5426250000,4.8735000000
437.3276424408,0.7629375000,0.5422500000,4.8735000000
437.4275047779,0.7633125000,0.5422500000,4.8733125000
437.5275785923,0.7631250000,0.5422500000,4.8735000000
437.6275045872,0.7629375000,0.5424375000,4.8735000000
437.7274401188,0.7631250000,0.5420625000,4.8735000000
437.8277001381,0.7631250000,0.5418750000,4.8735000000
437.9274508953,0.7631250000,0.5422500000,4.8736875000
438.0276455879,0.7631250000,0.5422500000,4.8736875000
438.1277112961,0.7631250000,0.5420625000,4.8735000000
438.2274560928,0.7633125000,0.5422500000,4.8736875000
438.3275003433,0.7631250000,0.5422500000,4.8736875000
438.4276199341,0.7633125000,0.5415000000,4.8735000000
438.5276343822,0.7631250000,0.5415000000,4.8735000000
438.6287648678,0.7629375000,0.5418750000,4.8723750000
438.7277119160,0.7629375000,0.5426250000,4.8735000000
438.8276171684,0.7629375000,0.5424375000,4.8735000000
438.9274437428,0.7631250000,0.5430000000,4.8733125000
439.0274419785,0.7629375000,0.5420625000,4.8733125000
439.1277291775,0.7633125000,0.5415000000,4.8735000000
439.2274489403,0.7631250000,0.5422500000,4.8735000000
439.3277847767,0.7633125000,0.5420625000,4.8735000000
439.4274702072,0.7631250000,0.5422500000,4.8735000000
439.5274224281,0.7633125000,0.5420625000,4.8733125000
439.6276004314,0.7629375000,0.5415000000,4.8735000000
439.7274620533,0.7631250000,0.5424375000,4.8733125000
439.8275825977,0.7633125000,0.5424375000,4.8735000000
439.9274101257,0.7631250000,0.5424375000,4.8735000000
440.0289254189,0.7631250000,0.5424375000,4.8735000000
440.1276149750,0.7629375000,0.5426250000,4.8735000000
440.2275519371,0.7633125000,0.5426250000,4.8735000000
440.3274207115,0.7631250000,0.5418750000,4.8735000000
440.4274091721,0.7631250000,0.5420625000,4.8735000000
440.5274448395,0.7633125000,0.5422500000,4.8733125000
440.6276161671,0.7633125000,0.5416875000,4.8736875000
440.7277331352,0.7631250000,0.5426250000,4.8736875000
440.8276410103,0.7633125000,0.5426250000,4.8736875000
440.9274659157,0.7631250000,0.5426250000,4.8736875000
441.0275604725,0.7633125000,0.5420625000,4.8736875000
441.1276102066,0.7633125000,0.5424375000,4.8736875000
441.2274119854,0.7635000000,0.5416875000,4.8735000000
441.3274133205,0.7631250000,0.5422500000,4.8716250000
441.4283909798,0.7631250000,0.5418750000,4.8735000000
441.5275347233,0.7633125000,0.5422500000,4.8735000000
441.6274347305,0.7631250000,0.5422500000,4.8735000000
441.7275500298,0.7631250000,0.5424375000,4.8735000000
441.8274359703,0.7633125000,0.5420625000,4.8735000000
441.9274046421,0.7631250000,0.5418750000,4.8735000000
442.0275547504,0.7633125000,0.5424375000,4.8733125000
442.1276111603,0.7631250000,0.5428125000,4.8735000000
442.2274129391,0.7633125000,0.5420625000,4.8733125000
442.3277106285,0.7631250000,0.5426250000,4.8735000000
442.4274418354,0.7631250000,0.5422500000,4.8733125000
442.5275871754,0.7631250000,0.5428125000,4.8735000000
442.6274380684,0.7633125000,0.5420625000,4.8735000000
442.7274527550,0.7633125000,0.5424375000,4.8733125000
442.8286819458,0.7636875000,0.5426250000,4.8735000000
442.9275901318,0.7631250000,0.5426250000,4.8733125000
443.0275945663,0.7633125000,0.5422500000,4.8735000000
443.1277127266,0.7633125000,0.5424375000,4.8736875000
443.2274439335,0.7633125000,0.5422500000,4.8735000000
443.3275535107,0.7633125000,0.5416875000,4.8736875000
443.4274358749,0.7633125000,0.5418750000,4.8736875000
443.5275578499,0.7635000000,0.5424375000,4.8735000000
443.6275246143,0.7635000000,0.5418750000,4.8736875000
443.7275109291,0.7635000000,0.5415000000,4.8714375000
443.8276603222,0.7633125000,0.5422500000,4.8733125000
443.9274709225,0.7633125000,0.5424375000,4.8735000000
444.0275311470,0.7635000000,0.5420625000,4.8735000000
444.1276552677,0.7633125000,0.5420625000,4.8736875000
444.2276813984,0.7633125000,0.5422500000,4.8735000000
444.3274948597,0.7631250000,0.5415000000,4.8735000000
444.4274814129,0.7633125000,0.5420625000,4.8735000000
444.5275335312,0.7635000000,0.5418750000,4.8735000000
444.6275956631,0.7635000000,0.5426250000,4.8733125000
444.7275471687,0.7633125000,0.5416875000,4.8735000000
444.8274688721,0.7635000000,0.5426250000,4.8735000000
444.9275398254,0.7636875000,0.5424375000,4.8735000000
445.0274269581,0.7636875000,0.5420625000,4.8733125000
445.1276073456,0.7633125000,0.5433750000,4.8733125000
445.2275309563,0.7635000000,0.5424375000,4.8735000000
445.3276996613,0.7635000000,0.5430000000,4.8735000000
445.4274854660,0.7633125000,0.5422500000,4.8733125000
445.5274393559,0.7633125000,0.5430000000,4.8735000000
445.6276984215,0.7635000000,0.5435625000,4.8735000000
445.7276532650,0.7633125000,0.5422500000,4.8733125000
445.8276352882,0.7636875000,0.5431875000,4.8735000000
445.9275252819,0.7633125000,0.5422500000,4.8735000000
446.0275619030,0.7636875000,0.5426250000,4.8735000000
446.1276133060,0.7636875000,0.5430000000,4.8735000000
446.2276239395,0.7635000000,0.5428125000,4.8735000000
446.3275535107,0.7636875000,0.5428125000,4.8735000000
446.4274678230,0.7635000000,0.5424375000,4.8736875000
446.5275597572,0.7636875000,0.5431875000,4.8736875000
446.6277594566,0.7636875000,0.5426250000,4.8736875000
446.7276852131,0.7636875000,0.5431875000,4.8736875000
446.8276727200,0.7635000000,0.5428125000,4.8733125000
446.9275512695,0.7633125000,0.5424375000,4.8733125000
447.0279226303,0.7635000000,0.5426250000,4.8735000000
447.1277279854,0.7636875000,0.5433750000,4.8735000000
447.2276113033,0.7636875000,0.5430000000,4.8735000000
447.3277258873,0.7635000000,0.5426250000,4.8735000000
447.4275469780,0.7636875000,0.5424375000,4.8735000000
447.5277664661,0.7633125000,0.5422500000,4.8735000000
447.6276671886,0.7636875000,0.5426250000,4.8735000000
447.7275755405,0.7636875000,0.5424375000,4.8735000000
447.8274922371,0.7636875000,0.5424375000,4.8735000000
447.9276499748,0.7636875000,0.5418750000,4.8735000000
448.0277156830,0.7635000000,0.5430000000,4.8735000000
448.1277735233,0.7636875000,0.5431875000,4.8735000000
448.2275860310,0.7638750000,0.5424375000,4.8736875000
448.3277509212,0.7636875000,0.5422500000,4.8735000000
448.4282019138,0.7636875000,0.5424375000,4.8735000000
448.5277223587,0.7636875000,0.5430000000,4.8736875000
448.6276926994,0.7638750000,0.5433750000,4.8735000000
448.7282156944,0.7638750000,0.5424375000,4.8735000000
448.8275184631,0.7638750000,0.5431875000,4.8736875000
448.9274435043,0.7636875000,0.5431875000,4.8731250000
449.0275309086,0.7638750000,0.5430000000,4.8735000000
449.1276931763,0.7638750000,0.5424375000,4.8735000000
449.2275493145,0.7636875000,0.5424375000,4.8735000000
449.3274319172,0.7636875000,0.5435625000,4.8735000000
449.4274051189,0.7638750000,0.5428125000,4.8733125000
449.5274157524,0.7636875000,0.5431875000,4.8735000000
449.6275377274,0.7636875000,0.5431875000,4.8735000000
449.7274310589,0.7636875000,0.5431875000,4.8733125000
449.8281781673,0.7640625000,0.5424375000,4.8735000000
449.9276173115,0.7640625000,0.5435625000,4.8735000000
450.0274364948,0.7638750000,0.5422500000,4.8735000000
450.1276645660,0.7640625000,0.5422500000,4.8735000000
450.2274572849,0.7638750000,0.5428125000,4.8735000000
450.3274905682,0.7636875000,0.5433750000,4.8735000000
450.4275443554,0.7638750000,0.5418750000,4.8735000000
450.5275065899,0.7640625000,0.5431875000,4.8735000000
450.6274299622,0.7638750000,0.5424375000,4.8735000000
450.7274293900,0.7636875000,0.5430000000,4.8735000000
450.8275587559,0.7640625000,0.5420625000,4.8735000000
450.9274308681,0.7638750000,0.5428125000,4.8735000000
451.0274982452,0.7640625000,0.5420625000,4.8733125000
451.1277751923,0.7638750000,0.5422500000,4.8735000000
451.2274732590,0.7638750000,0.5418750000,4.8736875000
451.3276202679,0.7640625000,0.5426250000,4.8736875000
451.4275488853,0.7638750000,0.5420625000,4.8735000000
451.5274159908,0.7638750000,0.5426250000,4.8735000000
451.6274423599,0.7640625000,0.5422500000,4.8735000000
451.7274281979,0.7638750000,0.5430000000,4.8735000000
451.8274064064,0.7636875000,0.5418750000,4.8720000000
451.9274179935,0.7640625000,0.5422500000,4.8733125000
452.0275659561,0.7640625000,0.5422500000,4.8735000000
452.1275827885,0.7636875000,0.5420625000,4.8733125000
452.2275784016,0.7642500000,0.5422500000,4.8735000000
452.3274435997,0.7640625000,0.5428125000,4.8733125000
452.4274036884,0.7640625000,0.5426250000,4.8735000000
452.5275347233,0.7640625000,0.5422500000,4.8735000000
452.6285603046,0.7640625000,0.5422500000,4.8735000000
452.7276976109,0.7642500000,0.5431875000,4.8735000000
452.8278367519,0.7638750000,0.5422500000,4.8735000000
452.9276437759,0.7638750000,0.5422500000,4.8735000000
453.0276124477,0.7638750000,0.5426250000,4.8735000000
453.1276075840,0.7640625000,0.5422500000,4.8735000000
453.2274184227,0.7640625000,0.5430000000,4.8735000000
453.3275218010,0.7642500000,0.5418750000,4.8735000000
453.4274156094,0.7642500000,0.5422500000,4.8735000000
453.5274255276,0.7640625000,0.5422500000,4.8735000000
453.6276803017,0.7640625000,0.5420625000,4.8735000000
453.7275886536,0.7640625000,0.5422500000,4.8736875000
453.8274388313,0.7642500000,0.5426250000,4.8735000000
453.9274318218,0.7640625000,0.5422500000,4.8735000000
454.0287477970,0.7642500000,0.5422500000,4.8735000000
454.1276552677,0.7640625000,0.5418750000,4.8735000000
454.2275123596,0.7642500000,0.5430000000,4.8735000000
454.3277485371,0.7638750000,0.5420625000,4.8735000000
454.4274272919,0.7640625000,0.5426250000,4.8735000000
454.5274333954,0.7642500000,0.5428125000,4.8735000000
454.6274280548,0.7642500000,0.5422500000,4.8736875000
454.7274024487,0.7638750000,0.5430000000,4.8735000000
454.8275988102,0.7640625000,0.5422500000,4.8733125000
454.9274096489,0.7642500000,0.5422500000,4.8735000000
455.0274469852,0.7642500000,0.5424375000,4.8735000000
455.1275959015,0.7642500000,0.5416875000,4.8735000000
455.2274773121,0.7642500000,0.5420625000,4.8735000000
455.3275511265,0.7642500000,0.5422500000,4.8735000000
455.4286546707,0.7642500000,0.5422500000,4.8735000000
455.5274291039,0.7640625000,0.5422500000,4.8733125000
455.6275546551,0.7642500000,0.5426250000,4.8733125000
455.7274127007,0.7642500000,0.5420625000,4.8735000000
455.8277525902,0.7644375000,0.5422500000,4.8735000000
455.9275281429,0.7644375000,0.5418750000,4.8735000000
456.0274178982,0.7640625000,0.5430000000,4.8735000000
456.1277008057,0.7642500000,0.5424375000,4.8735000000
456.2274765968,0.7642500000,0.5418750000,4.8735000000
456.3275067806,0.7642500000,0.5420625000,4.8735000000
456.4274973869,0.7640625000,0.5418750000,4.8735000000
456.5274193287,0.7642500000,0.5422500000,4.8735000000
456.6274552345,0.7640625000,0.5422500000,4.8736875000
456.7274038792,0.7640625000,0.5424375000,4.8736875000
456.8285641670,0.7642500000,0.5420625000,4.8736875000
456.9275119305,0.7642500000,0.5422500000,4.8735000000
457.0274186134,0.7640625000,0.5420625000,4.8733125000
457.1275966167,0.7644375000,0.5418750000,4.8735000000
457.2274358273,0.7642500000,0.5418750000,4.8735000000
457.3276498318,0.7644375000,0.5418750000,4.8735000000
457.4275438786,0.7644375000,0.5418750000,4.8735000000
457.5274024010,0.7638750000,0.5422500000,4.8735000000
457.6274392605,0.7640625000,0.5422500000,4.8735000000
457.7275319099,0.7642500000,0.5426250000,4.8735000000
457.8275532722,0.7642500000,0.5422500000,4.8733125000
457.9274580479,0.7640625000,0.5422500000,4.8735000000
458.0277388096,0.7640625000,0.5426250000,4.8735000000
458.1276102066,0.7640625000,0.5420625000,4.8735000000
458.2283735275,0.7640625000,0.5424375000,4.8735000000
458.3276011944,0.7642500000,0.5422500000,4.8735000000
458.4276046753,0.7640625000,0.5418750000,4.8735000000
458.5274899006,0.7640625000,0.5426250000,4.8735000000
458.6274716854,0.7642500000,0.5420625000,4.8736875000
458.7276792526,0.7644375000,0.5418750000,4.8735000000
458.8276898861,0.7644375000,0.5422500000,4.8736875000
458.9276375771,0.7642500000,0.5422500000,4.8735000000
459.0275700092,0.7642500000,0.5428125000,4.8736875000
459.1277296543,0.7642500000,0.5418750000,4.8735000000
459.2274928093,0.7642500000,0.5422500000,4.8729375000
459.3276154995,0.7642500000,0.5430000000,4.8735000000
459.4275128841,0.7636875000,0.5426250000,4.8735000000
459.5274524689,0.7644375000,0.5422500000,4.8733125000
459.6290757656,0.7644375000,0.5428125000,4.8735000000
459.7276663780,0.7640625000,0.5418750000,4.8735000000
459.8276062012,0.7642500000,0.5422500000,4.8735000000
459.9274291992,0.7642500000,0.5422500000,4.8735000000
460.0276198387,0.7638750000,0.5426250000,4.8735000000
460.1277272701,0.7642500000,0.5426250000,4.8733125000
460.2274568081,0.7642500000,0.5422500000,4.8735000000
460.3277766705,0.7644375000,0.5420625000,4.8735000000
460.4276273251,0.7642500000,0.5420625000,4.8735000000
460.5275657177,0.7642500000,0.5420625000,4.8735000000
460.6274836063,0.7644375000,0.5422500000,4.8735000000
460.7275965214,0.7640625000,0.5430000000,4.8735000000
460.8274571896,0.7642500000,0.5418750000,4.8735000000
460.9275529385,0.7642500000,0.5420625000,4.8733125000
461.0274605751,0.7642500000,0.5426250000,4.8736875000
461.1277482510,0.7644375000,0.5422500000,4.8733125000
461.2274415493,0.7642500000,0.5422500000,4.8736875000
461.3274419308,0.7642500000,0.5424375000,4.8735000000
461.4275462627,0.7644375000,0.5422500000,4.8735000000
461.5274274349,0.7642500000,0.5418750000,4.8736875000
461.6281921864,0.7644375000,0.5422500000,4.8735000000
461.7274210453,0.7644375000,0.5424375000,4.8736875000
461.8278074265,0.7642500000,0.5422500000,4.8720000000
461.9276032448,0.7642500000,0.5422500000,4.8736875000
462.0275354385,0.7642500000,0.5422500000,4.8735000000
462.1277010441,0.7642500000,0.5422500000,4.8735000000
462.2274839878,0.7640625000,0.5422500000,4.8735000000
462.3275279999,0.7644375000,0.5422500000,4.8735000000
462.4274671078,0.7642500000,0.5422500000,4.8735000000
462.5286476612,0.7642500000,0.5415000000,4.8735000000
462.6274766922,0.7642500000,0.5426250000,4.8735000000
462.7274131775,0.7642500000,0.5420625000,4.8735000000
462.8275399208,0.7644375000,0.5418750000,4.8735000000
462.9274706841,0.7644375000,0.5426250000,4.8735000000
463.0277202129,0.7644375000,0.5418750000,4.8735000000
463.1276309490,0.7644375000,0.5420625000,4.8735000000
463.2274315357,0.7642500000,0.5424375000,4.8733125000
463.3277368546,0.7644375000,0.5426250000,4.8733125000
463.4275875092,0.7642500000,0.5426250000,4.8735000000
463.5275609493,0.7644375000,0.5422500000,4.8735000000
463.6275737286,0.7642500000,0.5428125000,4.8735000000
463.7275269032,0.7644375000,0.5422500000,4.8736875000
463.8274922371,0.7642500000,0.5418750000,4.8736875000
463.9289362431,0.7644375000,0.5426250000,4.8736875000
464.0274779797,0.7644375000,0.5426250000,4.8736875000
464.1275975704,0.7644375000,0.5431875000,4.8736875000
464.2274253368,0.7644375000,0.5418750000,4.8735000000
464.3274078369,0.7644375000,0.5415000000,4.8736875000
464.4274237156,0.7644375000,0.5416875000,4.8729375000
464.5275747776,0.7642500000,0.5422500000,4.8735000000
464.6275019646,0.7644375000,0.5422500000,4.8735000000
464.7273998260,0.7642500000,0.5420625000,4.8735000000
464.8276782036,0.7644375000,0.5422500000,4.8735000000
464.9275448322,0.7642500000,0.5420625000,4.8733125000
465.0275194645,0.7644375000,0.5428125000,4.8735000000
465.1275868416,0.7642500000,0.5426250000,4.8735000000
465.2275443077,0.7646250000,0.5426250000,4.8735000000
465.3279714584,0.7644375000,0.5424375000,4.8735000000
465.4274878502,0.7644375000,0.5418750000,4.8735000000
465.5275161266,0.7642500000,0.5428125000,4.8735000000
465.6274178028,0.7644375000,0.5428125000,4.8735000000
465.7274281979,0.7642500000,0.5422500000,4.8735000000
465.8274314404,0.7642500000,0.5428125000,4.8735000000
465.9273931980,0.7642500000,0.5424375000,4.8735000000
466.0275516510,0.7642500000,0.5428125000,4.8735000000
466.1275916100,0.7644375000,0.5420625000,4.8735000000
466.2274081707,0.7644375000,0.5424375000,4.8735000000
466.3276271820,0.7644375000,0.5422500000,4.8735000000
466.4276480675,0.7644375000,0.5433750000,4.8735000000
466.5274121761,0.7646250000,0.5430000000,4.8735000000
466.6274385452,0.7646250000,0.5418750000,4.8735000000
466.7277247906,0.7644375000,0.5418750000,4.8736875000
466.8275947571,0.7646250000,0.5416875000,4.8735000000
466.9275221825,0.7644375000,0.5418750000,4.8735000000
467.0274128914,0.7644375000,0.5418750000,4.8736875000
467.1275913715,0.7646250000,0.5422500000,4.8735000000
467.2274341583,0.7644375000,0.5422500000,4.8736875000
467.3274326324,0.7640625000,0.5431875000,4.8735000000
467.4275288582,0.7644375000,0.5422500000,4.8733125000
467.5274410248,0.7646250000,0.5428125000,4.8735000000
467.6274383068,0.7646250000,0.5424375000,4.8735000000
467.7275278568,0.7644375000,0.5431875000,4.8735000000
467.8276927471,0.7644375000,0.5430000000,4.8735000000
467.9275364876,0.7644375000,0.5426250000,4.8735000000
468.0276546478,0.7648125000,0.5430000000,4.8735000000
468.1277461052,0.7646250000,0.5433750000,4.8735000000
468.2274296284,0.7646250000,0.5430000000,4.8735000000
468.3275418282,0.7646250000,0.5422500000,4.8735000000
468.4274439812,0.7644375000,0.5433750000,4.8733125000
468.5274169445,0.7644375000,0.5424375000,4.8735000000
468.6274464130,0.7646250000,0.5422500000,4.8735000000
468.7275640965,0.7646250000,0.5424375000,4.8735000000
468.8275451660,0.7644375000,0.5431875000,4.8735000000
468.9273989201,0.7644375000,0.5422500000,4.8735000000
469.0274114609,0.7646250000,0.5428125000,4.8735000000
469.1275961399,0.7646250000,0.5431875000,4.8736875000
469.2274041176,0.7646250000,0.5422500000,4.8735000000
469.3277480602,0.7646250000,0.5422500000,4.8735000000
469.4274868965,0.7646250000,0.5422500000,4.8735000000
469.5275962353,0.7646250000,0.5428125000,4.8736875000
469.6275277138,0.7646250000,0.5422500000,4.8736875000
469.7275161743,0.7646250000,0.5426250000,4.8731250000
469.8274664879,0.7644375000,0.5418750000,4.8735000000
469.9274346828,0.7644375000,0.5420625000,4.8735000000
470.0275075436,0.7646250000,0.5420625000,4.8735000000
470.1277010441,0.7648125000,0.5416875000,4.8735000000
470.2275128365,0.7644375000,0.5422500000,4.8735000000
470.3274173737,0.7646250000,0.5424375000,4.8735000000
470.4274024963,0.7646250000,0.5422500000,4.8735000000
470.5273997784,0.7646250000,0.5422500000,4.8733125000
470.6274273396,0.7646250000,0.5424375000,4.8735000000
470.7274391651,0.7648125000,0.5422500000,4.8735000000
470.8287718296,0.7646250000,0.5424375000,4.8735000000
470.9275922775,0.7644375000,0.5422500000,4.8735000000
471.0274677277,0.7648125000,0.5416875000,4.8735000000
471.1276066303,0.7648125000,0.5422500000,4.8735000000
471.2274584770,0.7648125000,0.5422500000,4.8733125000
471.3274359703,0.7646250000,0.5422500000,4.8733125000
471.4276404381,0.7646250000,0.5422500000,4.8735000000
471.5275721550,0.7646250000,0.5422500000,4.8738750000
471.6274707317,0.7648125000,0.5422500000,4.8735000000
471.7275791168,0.7646250000,0.5420625000,4.8735000000
471.8275825977,0.7648125000,0.5418750000,4.8735000000
471.9274451733,0.7648125000,0.5422500000,4.8735000000
472.0276019573,0.7648125000,0.5418750000,4.8735000000
472.1277184486,0.7648125000,0.5416875000,4.8736875000
472.2275934219,0.7648125000,0.5422500000,4.8716250000
472.3277680874,0.7646250000,0.5415000000,4.8735000000
472.4274897575,0.7648125000,0.5426250000,4.8735000000
472.5274593830,0.7650000000,0.5415000000,4.8733125000
472.6275985241,0.7646250000,0.5424375000,4.8735000000
472.7274954319,0.7646250000,0.5422500000,4.8735000000
472.8276689053,0.7648125000,0.5424375000,4.8735000000
472.9275979996,0.7648125000,0.5424375000,4.8735000000
473.0278198719,0.7648125000,0.5424375000,4.8735000000
473.1276190281,0.7648125000,0.5415000000,4.8735000000
473.2276051044,0.7648125000,0.5422500000,4.8735000000
473.3275754452,0.7646250000,0.5422500000,4.8735000000
473.4275932312,0.7646250000,0.5416875000,4.8735000000
473.5274524689,0.7648125000,0.5420625000,4.8735000000
473.6275620461,0.7648125000,0.5420625000,4.8735000000
473.7291047573,0.7648125000,0.5422500000,4.8735000000
473.8276836872,0.7648125000,0.5422500000,4.8735000000
473.9275310040,0.7648125000,0.5422500000,4.8735000000
474.0274441242,0.7644375000,0.5418750000,4.8733125000
474.1275846958,0.7648125000,0.5424375000,4.8735000000
474.2275223732,0.7646250000,0.5424375000,4.8735000000
474.3275353909,0.7648125000,0.5422500000,4.8735000000
474.4276034832,0.7650000000,0.5426250000,4.8735000000
474.5285935402,0.7648125000,0.5416875000,4.8736875000
474.6275506020,0.7648125000,0.5426250000,4.8735000000
474.7274024487,0.7650000000,0.5416875000,4.8735000000
474.8275024891,0.7651875000,0.5422500000,4.8735000000
474.9274511337,0.7650000000,0.5416875000,4.8736875000
475.0275404453,0.7640625000,0.5424375000,4.8729375000
475.1290376186,0.7651875000,0.5424375000,4.8735000000
475.2275493145,0.7650000000,0.5424375000,4.8735000000
475.3276560307,0.7646250000,0.5418750000,4.8733125000
475.4274499416,0.7646250000,0.5415000000,4.8735000000
475.5275263786,0.7648125000,0.5426250000,4.8735000000
475.6275386810,0.7651875000,0.5422500000,4.8733125000
475.7275748253,0.7648125000,0.5424375000,4.8733125000
475.8274612427,0.7650000000,0.5418750000,4.8735000000
475.9274010658,0.7650000000,0.5424375000,4.8735000000
476.0274114609,0.7650000000,0.5426250000,4.8733125000
476.1276915073,0.7648125000,0.5418750000,4.8735000000
476.2274169922,0.7650000000,0.5422500000,4.8735000000
476.3275489807,0.7648125000,0.5420625000,4.8735000000
476.4275403023,0.7650000000,0.5418750000,4.8735000000
476.5289955139,0.7650000000,0.5422500000,4.8735000000
476.6276185513,0.7648125000,0.5428125000,4.8733125000
476.7275276184,0.7650000000,0.5426250000,4.8735000000
476.8277795315,0.7650000000,0.5420625000,4.8735000000
476.9275794029,0.7650000000,0.5422500000,4.8735000000
477.0275492668,0.7650000000,0.5422500000,4.8733125000
477.1277093887,0.7650000000,0.5418750000,4.8735000000
477.2273931503,0.7650000000,0.5418750000,4.8735000000
477.3274085522,0.7650000000,0.5418750000,4.8736875000
477.4274301529,0.7650000000,0.5422500000,4.8736875000
477.5275449753,0.7651875000,0.5420625000,4.8735000000
477.6275184155,0.7650000000,0.5416875000,4.8735000000
477.7275257111,0.7651875000,0.5418750000,4.8735000000
477.8275156021,0.7650000000,0.5420625000,4.8727500000
477.9280776978,0.7651875000,0.5426250000,4.8735000000
478.0279119015,0.7650000000,0.5418750000,4.8735000000
478.1277635098,0.7651875000,0.5420625000,4.8735000000
478.2277419567,0.7650000000,0.5416875000,4.8735000000
478.3276684284,0.7648125000,0.5420625000,4.8733125000
478.4276053905,0.7651875000,0.5416875000,4.8735000000
478.5274987221,0.7646250000,0.5418750000,4.8735000000
478.6274909973,0.7653750000,0.5420625000,4.8733125000
478.7274527550,0.7648125000,0.5424375000,4.8735000000
478.8275151253,0.7653750000,0.5418750000,4.8735000000
478.9274120331,0.7651875000,0.5418750000,4.8735000000
479.0276455879,0.7650000000,0.5422500000,4.8735000000
479.1276454926,0.7650000000,0.5420625000,4.8735000000
479.2274413109,0.7650000000,0.5422500000,4.8733125000
479.3290827274,0.7651875000,0.5424375000,4.8735000000
479.4275825024,0.7651875000,0.5420625000,4.8735000000
479.5274374485,0.7650000000,0.5420625000,4.8733125000
479.6275637150,0.7650000000,0.5418750000,4.8735000000
479.7276432514,0.7650000000,0.5422500000,4.8735000000
479.8276860714,0.7650000000,0.5420625000,4.8735000000
479.9275598526,0.7653750000,0.5416875000,4.8735000000
480.0275902748,0.7650000000,0.5422500000,4.8733125000
480.1277675629,0.7651875000,0.5420625000,4.8736875000
480.2275528908,0.7651875000,0.5420625000,4.8735000000
480.3274221420,0.7651875000,0.5420625000,4.8735000000
480.4274299145,0.7651875000,0.5420625000,4.8736875000
480.5275864601,0.7651875000,0.5418750000,4.8735000000
480.6275470257,0.7651875000,0.5418750000,4.8736875000
480.7276678085,0.7651875000,0.5422500000,4.8735000000
480.8277165890,0.7653750000,0.5426250000,4.8729375000
480.9274265766,0.7650000000,0.5428125000,4.8733125000
481.0274295807,0.7653750000,0.5418750000,4.8736875000
481.1277408600,0.7651875000,0.5422500000,4.8735000000
481.2274866104,0.7651875000,0.5424375000,4.8735000000
481.3276705742,0.7650000000,0.5422500000,4.8735000000
481.4274911880,0.7651875000,0.5418750000,4.8735000000
481.5274229050,0.7650000000,0.5418750000,4.8735000000
481.6274306774,0.7651875000,0.5416875000,4.8735000000
481.7274551392,0.7650000000,0.5422500000,4.8733125000
481.8274204731,0.7653750000,0.5418750000,4.8733125000
481.9274160862,0.7655625000,0.5418750000,4.8735000000
482.0274629593,0.7651875000,0.5418750000,4.8733125000
482.1286215782,0.7650000000,0.5413125000,4.8733125000
482.2275969982,0.7651875000,0.5422500000,4.8735000000
482.3275864124,0.7650000000,0.5418750000,4.8733125000
482.4274294376,0.7651875000,0.5416875000,4.8735000000
482.5275309086,0.7651875000,0.5415000000,4.8735000000
482.6274096966,0.7650000000,0.5420625000,4.8735000000
482.7274372578,0.7650000000,0.5424375000,4.8735000000
482.8277852535,0.7651875000,0.5418750000,4.8735000000
482.9275481701,0.7651875000,0.5418750000,4.8735000000
483.0285584927,0.7651875000,0.5422500000,4.8735000000
483.1277399063,0.7653750000,0.5418750000,4.8735000000
483.2274749279,0.7651875000,0.5420625000,4.8736875000
483.3275809288,0.7653750000,0.5418750000,4.8735000000
483.4274659157,0.7653750000,0.5418750000,4.8735000000
483.5290546417,0.7651875000,0.5426250000,4.8733125000
483.6276040077,0.7651875000,0.5416875000,4.8733125000
483.7274954319,0.7650000000,0.5422500000,4.8735000000
483.8275818825,0.7650000000,0.5411250000,4.8733125000
483.9275293350,0.7651875000,0.5418750000,4.8735000000
484.0274541378,0.7653750000,0.5424375000,4.8735000000
484.1277725697,0.7651875000,0.5426250000,4.8735000000
484.2275857925,0.7653750000,0.5418750000,4.8735000000
484.3277885914,0.7653750000,0.5426250000,4.8735000000
484.4274823666,0.7653750000,0.5418750000,4.8735000000
484.5274388790,0.7653750000,0.5420625000,4.8735000000
484.6274781227,0.7655625000,0.5416875000,4.8735000000
484.7275769711,0.7655625000,0.5416875000,4.8735000000
484.8275794983,0.7655625000,0.5418750000,4.8735000000
484.9285974503,0.7651875000,0.5418750000,4.8733125000
485.0276050568,0.7651875000,0.5424375000,4.8736875000
485.1276113987,0.7651875000,0.5422500000,4.8733125000
485.2274682522,0.7655625000,0.5420625000,4.8735000000
485.3276224136,0.7651875000,0.5422500000,4.8735000000
485.4275860786,0.7651875000,0.5430000000,4.8735000000
485.5275621414,0.7653750000,0.5422500000,4.8733125000
485.6275899410,0.7655625000,0.5426250000,4.8733125000
485.7275815010,0.7653750000,0.5418750000,4.8735000000
485.8279771805,0.7653750000,0.5428125000,4.8735000000
485.9276597500,0.7653750000,0.5418750000,4.8736875000
486.0275816917,0.7653750000,0.5420625000,4.8735000000
486.1275851727,0.7653750000,0.5422500000,4.8735000000
486.2274937630,0.7655625000,0.5422500000,4.8736875000
486.3276264668,0.7653750000,0.5418750000,4.8735000000
486.4278433323,0.7650000000,0.5426250000,4.8733125000
486.5274801254,0.7651875000,0.5430000000,4.8735000000
486.6274392605,0.7651875000,0.5424375000,4.8733125000
486.7275238037,0.7653750000,0.5420625000,4.8735000000
486.8276164532,0.7653750000,0.5422500000,4.8735000000
486.9273934364,0.7655625000,0.5426250000,4.8735000000
487.0274384022,0.7653750000,0.5426250000,4.8735000000
487.1276137829,0.7651875000,0.5422500000,4.8735000000
487.2275204659,0.7655625000,0.5431875000,4.8735000000
487.3284938335,0.7653750000,0.5418750000,4.8733125000
487.4276773930,0.7653750000,0.5426250000,4.8733125000
487.5274112225,0.7653750000,0.5418750000,4.8735000000
487.6275079250,0.7653750000,0.5420625000,4.8735000000
487.7275753021,0.7655625000,0.5415000000,4.8735000000
487.8279941082,0.7653750000,0.5418750000,4.8733125000
487.9274477959,0.7655625000,0.5426250000,4.8735000000
488.0277829170,0.7653750000,0.5426250000,4.8733125000
488.1276266575,0.7653750000,0.5416875000,4.8735000000
488.2274241447,0.7651875000,0.5422500000,4.8733125000
488.3275883198,0.7653750000,0.5418750000,4.8735000000
488.4274549484,0.7653750000,0.5418750000,4.8735000000
488.5274326801,0.7653750000,0.5418750000,4.8736875000
488.6274282932,0.7655625000,0.5418750000,4.8735000000
488.7273869514,0.7653750000,0.5418750000,4.8735000000
488.8277935982,0.7653750000,0.5418750000,4.8735000000
488.9276401997,0.7653750000,0.5426250000,4.8735000000
489.0275382996,0.7651875000,0.5418750000,4.8729375000
489.1276004314,0.7655625000,0.5416875000,4.8735000000
489.2278962135,0.7653750000,0.5422500000,4.8733125000
489.3274087906,0.7653750000,0.5418750000,4.8735000000
489.4275245667,0.7653750000,0.5418750000,4.8735000000
489.5275897980,0.7653750000,0.5420625000,4.8733125000
489.6275286674,0.7653750000,0.5422500000,4.8735000000
489.7274169922,0.7651875000,0.5418750000,4.8735000000
489.8277258873,0.7651875000,0.5424375000,4.8735000000
489.9274656773,0.7653750000,0.5426250000,4.8733125000
490.0274846554,0.7653750000,0.5426250000,4.8733125000
490.1277344227,0.7653750000,0.5422500000,4.8735000000
490.2274520397,0.7655625000,0.5426250000,4.8735000000
490.3276822567,0.7653750000,0.5426250000,4.8735000000
490.4274661541,0.7653750000,0.5424375000,4.8733125000
490.5274562836,0.7655625000,0.5426250000,4.8733125000
490.6280875206,0.7657500000,0.5426250000,4.8735000000
490.7274415493,0.7653750000,0.5418750000,4.8735000000
490.8274779320,0.7655625000,0.5418750000,4.8735000000
490.9274222851,0.7655625000,0.5420625000,4.8735000000
491.0274150372,0.7653750000,0.5426250000,4.8735000000
491.1276855469,0.7655625000,0.5420625000,4.8735000000
491.2274196148,0.7655625000,0.5420625000,4.8735000000
491.3275845051,0.7655625000,0.5418750000,4.8735000000
491.4274098873,0.7655625000,0.5422500000,4.8735000000
491.5273962021,0.7651875000,0.5426250000,4.8733125000
491.6275734901,0.7655625000,0.5420625000,4.8735000000
491.7275011539,0.7653750000,0.5430000000,4.8735000000
491.8278093338,0.7653750000,0.5422500000,4.8735000000
491.9275496006,0.7655625000,0.5422500000,4.8735000000
492.0284225941,0.7653750000,0.5422500000,4.8733125000
492.1277189255,0.7655625000,0.5422500000,4.8733125000
492.2273955345,0.7653750000,0.5422500000,4.8735000000
492.3275327682,0.7653750000,0.5418750000,4.8733125000
492.4274227619,0.7653750000,0.5426250000,4.8735000000
492.5274491310,0.7653750000,0.5430000000,4.8733125000
492.6275575161,0.7653750000,0.5422500000,4.8733125000
492.7274248600,0.7651875000,0.5418750000,4.8735000000
492.8274259567,0.7655625000,0.5422500000,4.8735000000
492.9274723530,0.7655625000,0.5428125000,4.8733125000
493.0276601315,0.7653750000,0.5422500000,4.8735000000
493.1277492046,0.7653750000,0.5422500000,4.8735000000
493.2275428772,0.7655625000,0.5422500000,4.8733125000
493.3277132511,0.7655625000,0.5418750000,4.8735000000
493.4281675816,0.7653750000,0.5420625000,4.8735000000
493.5275208950,0.7655625000,0.5422500000,4.8735000000
493.6274714470,0.7653750000,0.5418750000,4.8735000000
493.7274482250,0.7655625000,0.5422500000,4.8736875000
493.8274166584,0.7653750000,0.5418750000,4.8735000000
493.9274015427,0.7655625000,0.5422500000,4.8736875000
494.0273835659,0.7653750000,0.5422500000,4.8733125000
494.1276659966,0.7655625000,0.5420625000,4.8735000000
494.2274165154,0.7655625000,0.5426250000,4.8733125000
494.3276016712,0.7655625000,0.5418750000,4.8735000000
494.4276111126,0.7655625000,0.5422500000,4.8735000000
494.5275795460,0.7655625000,0.5418750000,4.8735000000
494.6274123192,0.7653750000,0.5418750000,4.8733125000
494.7275691032,0.7657500000,0.5426250000,4.8735000000
494.8278343678,0.7653750000,0.5426250000,4.8735000000
494.9276559353,0.7651875000,0.5422500000,4.8735000000
495.0274310112,0.7657500000,0.5422500000,4.8735000000
495.1275973320,0.7653750000,0.5418750000,4.8735000000
495.2274098396,0.7655625000,0.5422500000,4.8733125000
495.3274807930,0.7655625000,0.5418750000,4.8733125000
495.4275379181,0.7655625000,0.5422500000,4.8733125000
495.5274667740,0.7655625000,0.5420625000,4.8735000000
495.6275408268,0.7657500000,0.5422500000,4.8733125000
495.7275686264,0.7653750000,0.5422500000,4.8735000000
495.8275392056,0.7653750000,0.5418750000,4.8733125000
495.9274089336,0.7655625000,0.5422500000,4.8735000000
496.0275254250,0.7655625000,0.5422500000,4.8735000000
496.1276328564,0.7655625000,0.5422500000,4.8736875000
496.2276039124,0.7655625000,0.5420625000,4.8735000000
496.3277165890,0.7653750000,0.5420625000,4.8735000000
496.4275181293,0.7655625000,0.5422500000,4.8735000000
496.5274465084,0.7655625000,0.5420625000,4.8735000000
496.6275675297,0.7655625000,0.5420625000,4.8736875000
496.7275242805,0.7655625000,0.5418750000,4.8735000000
496.8276748657,0.7651875000,0.5422500000,4.8731250000
496.9275355339,0.7655625000,0.5415000000,4.8735000000
497.0275437832,0.7653750000,0.5418750000,4.8733125000
497.1276800632,0.7655625000,0.5422500000,4.8735000000
497.2274260521,0.7657500000,0.5424375000,4.8735000000
497.3275566101,0.7653750000,0.5418750000,4.8735000000
497.4275548458,0.7653750000,0.5420625000,4.8733125000
497.5278856754,0.7655625000,0.5415000000,4.8733125000
497.6277027130,0.7655625000,0.5420625000,4.8735000000
497.7275929451,0.7655625000,0.5418750000,4.8735000000
497.8280849457,0.7653750000,0.5418750000,4.8733125000
497.9276785851,0.7655625000,0.5420625000,4.8733125000
498.0278787613,0.7651875000,0.5420625000,4.8735000000
498.1277511120,0.7653750000,0.5422500000,4.8735000000
498.2274239063,0.7655625000,0.5422500000,4.8735000000
498.3274693489,0.7657500000,0.5422500000,4.8735000000
498.4277105331,0.7653750000,0.5418750000,4.8733125000
498.5276465416,0.7657500000,0.5422500000,4.8735000000
498.6275858879,0.7655625000,0.5426250000,4.8733125000
498.7274801731,0.7657500000,0.5420625000,4.8735000000
498.8275473118,0.7655625000,0.5420625000,4.8736875000
498.9274630547,0.7655625000,0.5420625000,4.8735000000
499.0279729366,0.7653750000,0.5420625000,4.8735000000
499.1277475357,0.7655625000,0.5420625000,4.8736875000
499.2275364399,0.7655625000,0.5418750000,4.8736875000
499.3281757832,0.7655625000,0.5420625000,4.8735000000
499.4274859428,0.7655625000,0.5418750000,4.8735000000
499.5275309086,0.7651875000,0.5418750000,4.8727500000
499.6275289059,0.7655625000,0.5420625000,4.8735000000
499.7275757790,0.7653750000,0.5420625000,4.8735000000
499.8275415897,0.7657500000,0.5415000000,4.8733125000
499.9275777340,0.7657500000,0.5420625000,4.8735000000
500.0275435448,0.7655625000,0.5418750000,4.8735000000
500.1277129650,0.7651875000,0.5418750000,4.8735000000
500.2282373905,0.7655625000,0.5424375000,4.8735000000
500.3274548054,0.7657500000,0.5418750000,4.8735000000
500.4274017811,0.7657500000,0.5416875000,4.8735000000
500.5275816917,0.7655625000,0.5418750000,4.8735000000
500.6277420521,0.7655625000,0.5418750000,4.8733125000
500.7276637554,0.7657500000,0.5416875000,4.8735000000
500.8279573917,0.7657500000,0.5418750000,4.8735000000
500.9275825024,0.7657500000,0.5420625000,4.8733125000
501.0275454521,0.7655625000,0.5418750000,4.8735000000
501.1276004314,0.7655625000,0.5418750000,4.8735000000
501.2275636196,0.7655625000,0.5418750000,4.8735000000
501.3275623322,0.7653750000,0.5424375000,4.8735000000
501.4276444912,0.7653750000,0.5413125000,4.8735000000
501.5275511742,0.7655625000,0.5418750000,4.8735000000
501.6275801659,0.7655625000,0.5416875000,4.8736875000
501.7274587154,0.7657500000,0.5416875000,4.8736875000
501.8274204731,0.7655625000,0.5418750000,4.8736875000
501.9278035164,0.7653750000,0.5418750000,4.8736875000
502.0274567604,0.7655625000,0.5418750000,4.8736875000
502.1277232170,0.7657500000,0.5422500000,4.8735000000
502.2275655270,0.7655625000,0.5420625000,4.8735000000
502.3277428150,0.7653750000,0.5418750000,4.8735000000
502.4275870323,0.7655625000,0.5415000000,4.8733125000
502.5275328159,0.7657500000,0.5418750000,4.8735000000
502.6274340153,0.7653750000,0.5418750000,4.8735000000
502.7274341583,0.7653750000,0.5418750000,4.8735000000
502.8275136948,0.7655625000,0.5415000000,4.8735000000
502.9275960922,0.7657500000,0.5420625000,4.8735000000
503.0276386738,0.7653750000,0.5424375000,4.8733125000
503.1276044846,0.7657500000,0.5415000000,4.8735000000
503.2274162769,0.7653750000,0.5418750000,4.8733125000
503.3280355930,0.7653750000,0.5418750000,4.8733125000
503.4274344444,0.7655625000,0.5415000000,4.8733125000
503.5274176598,0.7655625000,0.5413125000,4.8735000000
503.6275012493,0.7655625000,0.5422500000,4.8733125000
503.7275187969,0.7655625000,0.5415000000,4.8735000000
503.8277740479,0.7655625000,0.5411250000,4.8735000000
503.9276039600,0.7655625000,0.5416875000,4.8736875000
504.0275087357,0.7655625000,0.5420625000,4.8735000000
504.1275913715,0.7655625000,0.5422500000,4.8735000000
504.2274513245,0.7657500000,0.5416875000,4.8736875000
504.3275063038,0.7655625000,0.5424375000,4.8735000000
504.4274027348,0.7655625000,0.5420625000,4.8735000000
504.5274477005,0.7655625000,0.5418750000,4.8736875000
504.6275076866,0.7655625000,0.5416875000,4.8716250000
504.7285618782,0.7655625000,0.5415000000,4.8733125000
504.8275818825,0.7657500000,0.5422500000,4.8735000000
504.9274880886,0.7653750000,0.5422500000,4.8736875000
505.0274238586,0.7651875000,0.5420625000,4.8735000000
505.1275963783,0.7655625000,0.5420625000,4.8735000000
505.2274019718,0.7655625000,0.5430000000,4.8735000000
505.3278291225,0.7657500000,0.5420625000,4.8735000000
505.4274780750,0.7653750000,0.5418750000,4.8733125000
505.5275187492,0.7653750000,0.5418750000,4.8735000000
505.6275498867,0.7655625000,0.5420625000,4.8735000000
505.7274217606,0.7657500000,0.5428125000,4.8735000000
505.8274037838,0.7653750000,0.5418750000,4.8735000000
505.9273972511,0.7651875000,0.5413125000,4.8735000000
506.0274024010,0.7655625000,0.5433750000,4.8735000000
506.1277887821,0.7657500000,0.5424375000,4.8735000000
506.2274241447,0.7655625000,0.5411250000,4.8733125000
506.3275492191,0.7655625000,0.5418750000,4.8735000000
506.4274146557,0.7655625000,0.5422500000,4.8735000000
506.5274190903,0.7655625000,0.5426250000,4.8735000000
506.6277465820,0.7655625000,0.5418750000,4.8736875000
506.7277235985,0.7655625000,0.5409375000,4.8735000000
506.8279466629,0.7655625000,0.5426250000,4.8735000000
506.9277591705,0.7657500000,0.5416875000,4.8735000000
507.0275433064,0.7655625000,0.5420625000,4.8736875000
507.1276078224,0.7655625000,0.5428125000,4.8735000000
507.2276234627,0.7655625000,0.5424375000,4.8735000000
507.3277087212,0.7657500000,0.5418750000,4.8735000000
507.4275221825,0.7653750000,0.5418750000,4.8735000000
507.5279278755,0.7653750000,0.5415000000,4.8735000000
507.6276476383,0.7653750000,0.5422500000,4.8735000000
507.7274305820,0.7653750000,0.5426250000,4.8735000000
507.8275220394,0.7655625000,0.5426250000,4.8735000000
507.9275934696,0.7655625000,0.5424375000,4.8735000000
508.0276107788,0.7653750000,0.5418750000,4.8735000000
508.1277234554,0.7655625000,0.5422500000,4.8735000000
508.2275435925,0.7653750000,0.5422500000,4.8735000000
508.3277549744,0.7655625000,0.5420625000,4.8735000000
508.4274804592,0.7655625000,0.5420625000,4.8735000000
508.5284821987,0.7657500000,0.5418750000,4.8735000000
508.6277141571,0.7653750000,0.5418750000,4.8735000000
508.7275965214,0.7653750000,0.5426250000,4.8733125000
508.8274519444,0.7655625000,0.5422500000,4.8735000000
508.9275932312,0.7655625000,0.5422500000,4.8735000000
509.0275516510,0.7653750000,0.5420625000,4.8735000000
509.1276116371,0.7655625000,0.5426250000,4.8735000000
509.2275660038,0.7655625000,0.5418750000,4.8735000000
509.3274459839,0.7657500000,0.5418750000,4.8735000000
509.4274942875,0.7657500000,0.5415000000,4.8735000000
509.5274574757,0.7655625000,0.5422500000,4.8735000000
509.6275784969,0.7655625000,0.5420625000,4.8736875000
509.7275836468,0.7655625000,0.5422500000,4.8735000000
509.8279616833,0.7655625000,0.5422500000,4.8735000000
509.9276723862,0.7657500000,0.5426250000,4.8735000000
510.0276226997,0.7657500000,0.5418750000,4.8735000000
510.1276936531,0.7653750000,0.5418750000,4.8727500000
510.2274816036,0.7655625000,0.5420625000,4.8733125000
510.3277266026,0.7657500000,0.5418750000,4.8735000000
510.4276375771,0.7653750000,0.5422500000,4.8735000000
510.5275957584,0.7659375000,0.5418750000,4.8735000000
510.6275229454,0.7655625000,0.5422500000,4.8735000000
510.7274994850,0.7655625000,0.5422500000,4.8735000000
510.8275713921,0.7657500000,0.5420625000,4.8735000000
510.9274647236,0.7655625000,0.5426250000,4.8735000000
511.0275638103,0.7655625000,0.5424375000,4.8735000000
511.1276855469,0.7659375000,0.5428125000,4.8735000000
511.2275674343,0.7657500000,0.5422500000,4.8735000000
511.3278236389,0.7657500000,0.5422500000,4.8735000000
511.4274897575,0.7659375000,0.5426250000,4.8735000000
511.5275695324,0.7655625000,0.5426250000,4.8733125000
511.6275753975,0.7657500000,0.5422500000,4.8733125000
511.7279980183,0.7655625000,0.5418750000,4.8735000000
511.8277304173,0.7655625000,0.5418750000,4.8735000000
511.9275689125,0.7655625000,0.5416875000,4.8735000000
512.0275499821,0.7657500000,0.5422500000,4.8736875000
512.1276137829,0.7659375000,0.5426250000,4.8735000000
512.2274379730,0.7657500000,0.5422500000,4.8735000000
512.3274362087,0.7657500000,0.5420625000,4.8735000000
512.4275565147,0.7659375000,0.5426250000,4.8736875000
512.5273890495,0.7659375000,0.5418750000,4.8736875000
512.6275641918,0.7659375000,0.5418750000,4.8735000000
512.7275421619,0.7651875000,0.5424375000,4.8720000000
512.8282296658,0.7659375000,0.5422500000,4.8735000000
512.9276883602,0.7657500000,0.5418750000,4.8735000000
513.0277204514,0.7659375000,0.5422500000,4.8735000000
513.1279325485,0.7659375000,0.5422500000,4.8735000000
513.2278127670,0.7657500000,0.5418750000,4.8735000000
513.3274543285,0.7657500000,0.5418750000,4.8735000000
513.4274837971,0.7659375000,0.5420625000,4.8735000000
513.5274417400,0.7659375000,0.5426250000,4.8735000000
513.6277232170,0.7659375000,0.5426250000,4.8733125000
513.7275567055,0.7659375000,0.5420625000,4.8735000000
513.8275587559,0.7659375000,0.5418750000,4.8733125000
513.9274234772,0.7659375000,0.5418750000,4.8735000000
514.0274291039,0.7657500000,0.5424375000,4.8733125000
514.1277160645,0.7659375000,0.5424375000,4.8733125000
514.2274053097,0.7661250000,0.5426250000,4.8733125000
514.3280344009,0.7657500000,0.5418750000,4.8733125000
514.4275629520,0.7659375000,0.5416875000,4.8733125000
514.5274233818,0.7659375000,0.5426250000,4.8733125000
514.6281228065,0.7661250000,0.5418750000,4.8735000000
514.7275893688,0.7657500000,0.5418750000,4.8736875000
514.8276119232,0.7659375000,0.5416875000,4.8735000000
514.9274010658,0.7661250000,0.5422500000,4.8735000000
515.0274188519,0.7659375000,0.5422500000,4.8735000000
515.1277010441,0.7661250000,0.5416875000,4.8735000000
515.2274348736,0.7661250000,0.5422500000,4.8735000000
515.3274796009,0.7661250000,0.5422500000,4.8736875000
515.4274342060,0.7661250000,0.5422500000,4.8720000000
515.5274548531,0.7663125000,0.5418750000,4.8735000000
515.6275260448,0.7659375000,0.5413125000,4.8735000000
515.7275340557,0.7661250000,0.5422500000,4.8735000000
515.8276863098,0.7663125000,0.5418750000,4.8735000000
515.9275856018,0.7659375000,0.5413125000,4.8735000000
516.0288217068,0.7661250000,0.5413125000,4.8735000000
516.1275970936,0.7663125000,0.5415000000,4.8735000000
516.2274167538,0.7663125000,0.5422500000,4.8735000000
516.3274266720,0.7661250000,0.5413125000,4.8735000000
516.4273908138,0.7663125000,0.5422500000,4.8735000000
516.5276005268,0.7659375000,0.5416875000,4.8735000000
516.6274495125,0.7663125000,0.5422500000,4.8735000000
516.7274122238,0.7661250000,0.5422500000,4.8735000000
516.8274390697,0.7661250000,0.5422500000,4.8735000000
516.9273891449,0.7663125000,0.5418750000,4.8733125000
517.0274524689,0.7661250000,0.5418750000,4.8735000000
517.1276638508,0.7661250000,0.5418750000,4.8733125000
517.2275371552,0.7661250000,0.5422500000,4.8735000000
517.3276870251,0.7659375000,0.5415000000,4.8735000000
517.4276726246,0.7663125000,0.5416875000,4.8736875000
517.5275135040,0.7663125000,0.5422500000,4.8736875000
517.6274633408,0.7663125000,0.5415000000,4.8735000000
517.7275333405,0.7663125000,0.5418750000,4.8735000000
517.8274252415,0.7663125000,0.5413125000,4.8736875000
517.9275352955,0.7663125000,0.5415000000,4.8735000000
518.0275955200,0.7665000000,0.5422500000,4.8735000000
518.1276385784,0.7665000000,0.5418750000,4.8729375000
518.2275846004,0.7663125000,0.5418750000,4.8735000000
518.3275556564,0.7663125000,0.5416875000,4.8735000000
518.4277167320,0.7663125000,0.5418750000,4.8735000000
518.5274691582,0.7663125000,0.5418750000,4.8733125000
518.6276733875,0.7663125000,0.5418750000,4.8735000000
518.7275643349,0.7663125000,0.5422500000,4.8735000000
518.8289086819,0.7663125000,0.5424375000,4.8735000000
518.9277672768,0.7665000000,0.5418750000,4.8735000000
519.0274498463,0.7663125000,0.5418750000,4.8735000000
519.1275939941,0.7663125000,0.5416875000,4.8733125000
519.2275719643,0.7665000000,0.5416875000,4.8735000000
519.3274080753,0.7666875000,0.5413125000,4.8735000000
519.4274168015,0.7665000000,0.5422500000,4.8735000000
519.5274586678,0.7663125000,0.5424375000,4.8735000000
519.6275792122,0.7663125000,0.5420625000,4.8733125000
519.7274255753,0.7663125000,0.5420625000,4.8735000000
519.8274173737,0.7665000000,0.5418750000,4.8733125000
519.9274265766,0.7665000000,0.5420625000,4.8733125000
520.0274112225,0.7665000000,0.5415000000,4.8736875000
520.1277184486,0.7665000000,0.5420625000,4.8735000000
520.2289254665,0.7666875000,0.5418750000,4.8735000000
520.3277275562,0.7666875000,0.5418750000,4.8735000000
520.4275319576,0.7665000000,0.5418750000,4.8735000000
520.5275347233,0.7665000000,0.5418750000,4.8735000000
520.6275346279,0.7665000000,0.5418750000,4.8736875000
520.7276024818,0.7663125000,0.5420625000,4.8735000000
520.8275277615,0.7665000000,0.5418750000,4.8733125000
520.9273922443,0.7666875000,0.5418750000,4.8733125000
521.0274174213,0.7665000000,0.5418750000,4.8735000000
521.1275951862,0.7665000000,0.5420625000,4.8735000000
521.2275042534,0.7665000000,0.5422500000,4.8735000000
521.3274340630,0.7663125000,0.5418750000,4.8735000000
521.4274039268,0.7666875000,0.5420625000,4.8735000000
521.5275335312,0.7665000000,0.5415000000,4.8735000000
521.6284389496,0.7668750000,0.5418750000,4.8735000000
521.7276332378,0.7666875000,0.5420625000,4.8735000000
521.8276667595,0.7665000000,0.5420625000,4.8735000000
521.9275634289,0.7665000000,0.5422500000,4.8735000000
522.0275721550,0.7666875000,0.5420625000,4.8733125000
522.1276125908,0.7665000000,0.5418750000,4.8735000000
522.2274847031,0.7666875000,0.5420625000,4.8735000000
522.3274719715,0.7666875000,0.5418750000,4.8735000000
522.4274821281,0.7666875000,0.5422500000,4.8733125000
522.5276129246,0.7666875000,0.5418750000,4.8733125000
522.6274943352,0.7670625000,0.5418750000,4.8736875000
522.7274496555,0.7666875000,0.5418750000,4.8735000000
522.8276758194,0.7666875000,0.5420625000,4.8735000000
522.9276409149,0.7666875000,0.5415000000,4.8735000000
523.0286493301,0.7666875000,0.5418750000,4.8735000000
523.1276421547,0.7666875000,0.5422500000,4.8735000000
523.2275896072,0.7668750000,0.5420625000,4.8735000000
523.3277292252,0.7666875000,0.5422500000,4.8736875000
523.4276616573,0.7668750000,0.5418750000,4.8735000000
523.5275733471,0.7666875000,0.5422500000,4.8733125000
523.6276297569,0.7666875000,0.5420625000,4.8735000000
523.7275657654,0.7663125000,0.5413125000,4.8735000000
523.8275523186,0.7666875000,0.5426250000,4.8735000000
523.9275786877,0.7666875000,0.5422500000,4.8735000000
524.0283524990,0.7666875000,0.5415000000,4.8735000000
524.1277415752,0.7666875000,0.5411250000,4.8733125000
524.2275543213,0.7668750000,0.5422500000,4.8735000000
524.3275074959,0.7665000000,0.5418750000,4.8735000000
524.4275786877,0.7670625000,0.5415000000,4.8735000000
524.5286383629,0.7668750000,0.5422500000,4.8735000000
524.6276140213,0.7665000000,0.5418750000,4.8735000000
524.7275614738,0.7666875000,0.5413125000,4.8735000000
524.8278412819,0.7668750000,0.5418750000,4.8735000000
524.9276926517,0.7666875000,0.5420625000,4.8735000000
525.0275695324,0.7668750000,0.5418750000,4.8736875000
525.1275918484,0.7668750000,0.5418750000,4.8735000000
525.2274122238,0.7663125000,0.5418750000,4.8720000000
525.3273985386,0.7666875000,0.5415000000,4.8736875000
525.4277474880,0.7666875000,0.5426250000,4.8735000000
525.5276062489,0.7666875000,0.5422500000,4.8733125000
525.6275510788,0.7665000000,0.5418750000,4.8735000000
525.7274627686,0.7670625000,0.5420625000,4.8735000000
525.8275294304,0.7666875000,0.5420625000,4.8735000000
525.9274482727,0.7668750000,0.5416875000,4.8735000000
526.0276672840,0.7666875000,0.5418750000,4.8735000000
526.1276195049,0.7666875000,0.5416875000,4.8733125000
526.2275409698,0.7668750000,0.5418750000,4.8735000000
526.3276481628,0.7668750000,0.5418750000,4.8735000000
526.4276642799,0.7668750000,0.5418750000,4.8735000000
526.5275521278,0.7666875000,0.5415000000,4.8735000000
526.6275207996,0.7668750000,0.5418750000,4.8733125000
526.7275736332,0.7666875000,0.5418750000,4.8735000000
526.8277132511,0.7666875000,0.5422500000,4.8736875000
526.9275152683,0.7670625000,0.5415000000,4.8735000000
527.0274243355,0.7665000000,0.5411250000,4.8736875000
527.1275799274,0.7668750000,0.5415000000,4.8733125000
527.2275233269,0.7666875000,0.5416875000,4.8735000000
527.3274471760,0.7668750000,0.5416875000,4.8736875000
527.4286351204,0.7666875000,0.5415000000,4.8735000000
527.5275418758,0.7668750000,0.5418750000,4.8735000000
527.6273982525,0.7668750000,0.5413125000,4.8735000000
527.7275469303,0.7668750000,0.5416875000,4.8735000000
527.8278527260,0.7668750000,0.5418750000,4.8735000000
527.9276089668,0.7666875000,0.5415000000,4.8735000000
528.0274796486,0.7668750000,0.5415000000,4.8735000000
528.1277878284,0.7665000000,0.5422500000,4.8731250000
528.2274346352,0.7666875000,0.5424375000,4.8735000000
528.3274025917,0.7666875000,0.5418750000,4.8735000000
528.4275500774,0.7665000000,0.5418750000,4.8735000000
528.5274400711,0.7665000000,0.5418750000,4.8735000000
528.6274249554,0.7668750000,0.5424375000,4.8735000000
528.7275183201,0.7668750000,0.5415000000,4.8735000000
528.8290281296,0.7666875000,0.5416875000,4.8735000000
528.9275674820,0.7668750000,0.5418750000,4.8735000000
529.0274527073,0.7668750000,0.5418750000,4.8735000000
529.1275966167,0.7668750000,0.5418750000,4.8733125000
529.2275123596,0.7670625000,0.5420625000,4.8735000000
529.3276283741,0.7668750000,0.5420625000,4.8735000000
529.4276151657,0.7666875000,0.5422500000,4.8733125000
529.5275330544,0.7670625000,0.5411250000,4.8736875000
529.6275470257,0.7668750000,0.5418750000,4.8735000000
529.7274475098,0.7666875000,0.5426250000,4.8735000000
529.8274533749,0.7668750000,0.5418750000,4.8733125000
529.9274773598,0.7668750000,0.5416875000,4.8733125000
530.0275332928,0.7666875000,0.5418750000,4.8735000000
530.1277232170,0.7668750000,0.5418750000,4.8736875000
530.2282292843,0.7666875000,0.5418750000,4.8736875000
530.3275735378,0.7670625000,0.5426250000,4.8735000000
530.4274687767,0.7666875000,0.5418750000,4.8735000000
530.5275118351,0.7668750000,0.5418750000,4.8736875000
530.6274526119,0.7668750000,0.5413125000,4.8735000000
530.7274012566,0.7668750000,0.5422500000,4.8736875000
530.8275682926,0.7666875000,0.5418750000,4.8731250000
530.9276878834,0.7668750000,0.5428125000,4.8735000000
531.0274252892,0.7668750000,0.5422500000,4.8735000000
531.1276276112,0.7666875000,0.5418750000,4.8735000000
531.2275192738,0.7668750000,0.5418750000,4.8735000000
531.3275344372,0.7668750000,0.5420625000,4.8733125000
531.4273824692,0.7666875000,0.5422500000,4.8735000000
531.5275511742,0.7666875000,0.5424375000,4.8735000000
531.6275067329,0.7668750000,0.5418750000,4.8733125000
531.7275831699,0.7668750000,0.5422500000,4.8735000000
531.8274178505,0.7668750000,0.5418750000,4.8733125000
531.9274022579,0.7668750000,0.5416875000,4.8735000000
532.0274133682,0.7668750000,0.5420625000,4.8735000000
532.1276593208,0.7668750000,0.5426250000,4.8735000000
532.2275261879,0.7665000000,0.5418750000,4.8735000000
532.3274030685,0.7665000000,0.5426250000,4.8733125000
532.4276235104,0.7668750000,0.5418750000,4.8735000000
532.5274055004,0.7666875000,0.5426250000,4.8733125000
532.6275255680,0.7668750000,0.5418750000,4.8733125000
532.7274436951,0.7668750000,0.5422500000,4.8735000000
532.8274159431,0.7668750000,0.5418750000,4.8736875000
532.9274821281,0.7668750000,0.5416875000,4.8735000000
533.0290877819,0.7668750000,0.5418750000,4.8735000000
533.1276595592,0.7668750000,0.5422500000,4.8735000000
533.2276544571,0.7668750000,0.5420625000,4.8735000000
533.3276154995,0.7668750000,0.5418750000,4.8736875000
533.4274969101,0.7665000000,0.5415000000,4.8720000000
533.5274367332,0.7666875000,0.5416875000,4.8735000000
533.6274409294,0.7668750000,0.5422500000,4.8735000000
533.7274620533,0.7668750000,0.5422500000,4.8733125000
533.8274502754,0.7668750000,0.5422500000,4.8735000000
533.9278755188,0.7668750000,0.5422500000,4.8733125000
534.0275797844,0.7670625000,0.5424375000,4.8735000000
534.1275997162,0.7666875000,0.5415000000,4.8735000000
534.2274899483,0.7668750000,0.5420625000,4.8735000000
534.3275711536,0.7668750000,0.5424375000,4.8735000000
534.4290544987,0.7666875000,0.5411250000,4.8735000000
534.5278022289,0.7668750000,0.5428125000,4.8735000000
534.6275801659,0.7670625000,0.5416875000,4.8733125000
534.7274785042,0.7668750000,0.5422500000,4.8733125000
534.8274993896,0.7668750000,0.5416875000,4.8735000000
534.9274895191,0.7670625000,0.5418750000,4.8735000000
535.0276150703,0.7668750000,0.5428125000,4.8735000000
535.1277732849,0.7668750000,0.5416875000,4.8733125000
535.2276856899,0.7668750000,0.5416875000,4.8733125000
535.3274908066,0.7668750000,0.5422500000,4.8735000000
535.4276521206,0.7670625000,0.5416875000,4.8735000000
535.5276186466,0.7670625000,0.5416875000,4.8735000000
535.6275832653,0.7670625000,0.5431875000,4.8735000000
535.7276320457,0.7670625000,0.5416875000,4.8735000000
535.8274867535,0.7670625000,0.5428125000,4.8735000000
535.9276134968,0.7670625000,0.5426250000,4.8735000000
536.0274896622,0.7670625000,0.5426250000,4.8718125000
536.1276326180,0.7670625000,0.5413125000,4.8733125000
536.2275893688,0.7668750000,0.5422500000,4.8733125000
536.3275797367,0.7668750000,0.5422500000,4.8736875000
536.4275712967,0.7670625000,0.5420625000,4.8735000000
536.5276343822,0.7672500000,0.5420625000,4.8735000000
536.6276121140,0.7670625000,0.5418750000,4.8735000000
536.7275013924,0.7670625000,0.5418750000,4.8733125000
536.8275768757,0.7670625000,0.5426250000,4.8735000000
536.9287440777,0.7670625000,0.5422500000,4.8733125000
537.0342321396,0.7670625000,0.5424375000,4.8735000000
537.1277816296,0.7670625000,0.5415000000,4.8735000000
537.2275617123,0.7668750000,0.5424375000,4.8735000000
537.3292438984,0.7668750000,0.5424375000,4.8735000000
537.4277033806,0.7670625000,0.5424375000,4.8735000000
537.5275907516,0.7670625000,0.5426250000,4.8735000000
537.6275079250,0.7670625000,0.5418750000,4.8735000000
537.7275700569,0.7670625000,0.5420625000,4.8735000000
537.8276522160,0.7670625000,0.5418750000,4.8733125000
537.9275550842,0.7672500000,0.5416875000,4.8733125000
538.0275709629,0.7670625000,0.5415000000,4.8735000000
538.1277625561,0.7670625000,0.5426250000,4.8736875000
538.2275950909,0.7670625000,0.5420625000,4.8735000000
538.3275606632,0.7672500000,0.5422500000,4.8735000000
538.4276628494,0.7670625000,0.5424375000,4.8736875000
538.5275845528,0.7672500000,0.5426250000,4.8735000000
538.6274895668,0.7672500000,0.5424375000,4.8735000000
538.7275836468,0.7672500000,0.5422500000,4.8735000000
538.8277370930,0.7670625000,0.5422500000,4.8735000000
538.9276795387,0.7668750000,0.5420625000,4.8733125000
539.0276021957,0.7672500000,0.5424375000,4.8735000000
539.1277275085,0.7672500000,0.5422500000,4.8735000000
539.2274327278,0.7672500000,0.5422500000,4.8735000000
539.3274607658,0.7670625000,0.5424375000,4.8735000000
539.4276278019,0.7668750000,0.5422500000,4.8733125000
539.5274534225,0.7668750000,0.5422500000,4.8733125000
539.6275682449,0.7674375000,0.5424375000,4.8733125000
539.7275676727,0.7672500000,0.5418750000,4.8735000000
539.8274500370,0.7672500000,0.5420625000,4.8733125000
539.9276545048,0.7674375000,0.5416875000,4.8733125000
540.0274422169,0.7670625000,0.5416875000,4.8733125000
540.1277372837,0.7674375000,0.5422500000,4.8735000000
540.2279663086,0.7670625000,0.5418750000,4.8733125000
540.3274598122,0.7670625000,0.5422500000,4.8735000000
540.4275650978,0.7670625000,0.5422500000,4.8733125000
540.5274958611,0.7672500000,0.5422500000,4.8735000000
540.6275725365,0.7672500000,0.5415000000,4.8733125000
540.7274479866,0.7674375000,0.5422500000,4.8735000000
540.8274188042,0.7674375000,0.5415000000,4.8735000000
540.9274463654,0.7674375000,0.5422500000,4.8735000000
541.0275633335,0.7674375000,0.5424375000,4.8735000000
541.1276178360,0.7672500000,0.5422500000,4.8735000000
541.2274181843,0.7672500000,0.5428125000,4.8735000000
541.3275389671,0.7674375000,0.5415000000,4.8735000000
541.4277675152,0.7672500000,0.5422500000,4.8720000000
541.5275387764,0.7674375000,0.5422500000,4.8733125000
541.6286184788,0.7672500000,0.5422500000,4.8735000000
541.7276353836,0.7674375000,0.5422500000,4.8733125000
541.8275597095,0.7674375000,0.5426250000,4.8735000000
541.9275579453,0.7672500000,0.5422500000,4.8733125000
542.0276398659,0.7674375000,0.5422500000,4.8735000000
542.1276359558,0.7674375000,0.5424375000,4.8735000000
542.2275805473,0.7670625000,0.5420625000,4.8733125000
542.3276176453,0.7674375000,0.5424375000,4.8735000000
542.4274597168,0.7672500000,0.5424375000,4.8735000000
542.5276062489,0.7674375000,0.5424375000,4.8735000000
542.6276047230,0.7674375000,0.5422500000,4.8733125000
542.7275483608,0.7674375000,0.5418750000,4.8733125000
542.8276505470,0.7676250000,0.5420625000,4.8733125000
542.9276974201,0.7672500000,0.5416875000,4.8735000000
543.0288004875,0.7674375000,0.5418750000,4.8735000000
543.1277215481,0.7676250000,0.5418750000,4.8733125000
543.2275335789,0.7674375000,0.5418750000,4.8735000000
543.3274519444,0.7676250000,0.5418750000,4.8735000000
543.4274296761,0.7676250000,0.5416875000,4.8735000000
543.5275731087,0.7674375000,0.5420625000,4.8735000000
543.6275596619,0.7676250000,0.5416875000,4.8735000000
543.7274832726,0.7676250000,0.5424375000,4.8735000000
543.8275048733,0.7676250000,0.5422500000,4.8735000000
543.9274964333,0.7676250000,0.5422500000,4.8735000000
544.0275998116,0.7674375000,0.5422500000,4.8731250000
544.1276512146,0.7676250000,0.5420625000,4.8733125000
544.2275178432,0.7676250000,0.5418750000,4.8733125000
544.3274400234,0.7676250000,0.5418750000,4.8733125000
544.4280490875,0.7676250000,0.5418750000,4.8733125000
544.5274658203,0.7676250000,0.5418750000,4.8733125000
544.6275112629,0.7676250000,0.5422500000,4.8733125000
544.7274603844,0.7678125000,0.5416875000,4.8733125000
544.8275475502,0.7678125000,0.5422500000,4.8735000000
544.9274449348,0.7678125000,0.5418750000,4.8733125000
545.0274219513,0.7678125000,0.5415000000,4.8733125000
545.1276166439,0.7676250000,0.5416875000,4.8733125000
545.2274408340,0.7678125000,0.5418750000,4.8733125000
545.3276293278,0.7674375000,0.5416875000,4.8733125000
545.4275751114,0.7678125000,0.5415000000,4.8735000000
545.5275475979,0.7680000000,0.5424375000,4.8735000000
545.6274886131,0.7678125000,0.5426250000,4.8735000000
545.7275836468,0.7680000000,0.5418750000,4.8733125000
545.8287711143,0.7678125000,0.5418750000,4.8733125000
545.9276752472,0.7678125000,0.5422500000,4.8735000000
546.0274612904,0.7678125000,0.5416875000,4.8735000000
546.1277203560,0.7678125000,0.5415000000,4.8735000000
546.2274491787,0.7678125000,0.5415000000,4.8735000000
546.3275411129,0.7680000000,0.5420625000,4.8735000000
546.4274346828,0.7676250000,0.5424375000,4.8735000000
546.5275239944,0.7680000000,0.5418750000,4.8735000000
546.6274840832,0.7678125000,0.5422500000,4.8718125000
546.7275004387,0.7674375000,0.5422500000,4.8731250000
546.8275043964,0.7676250000,0.5416875000,4.8735000000
546.9274349213,0.7680000000,0.5418750000,4.8733125000
547.0274503231,0.7680000000,0.5420625000,4.8735000000
547.1276731491,0.7678125000,0.5418750000,4.8733125000
547.2276184559,0.7680000000,0.5420625000,4.8733125000
547.3275434971,0.7678125000,0.5420625000,4.8733125000
547.4276306629,0.7678125000,0.5420625000,4.8735000000
547.5276010036,0.7680000000,0.5426250000,4.8733125000
547.6275680065,0.7678125000,0.5418750000,4.8733125000
547.7276418209,0.7678125000,0.5418750000,4.8733125000
547.8276324272,0.7678125000,0.5418750000,4.8733125000
547.9274985790,0.7678125000,0.5420625000,4.8735000000
548.0275096893,0.7678125000,0.5426250000,4.8733125000
548.1276347637,0.7678125000,0.5422500000,4.8733125000
548.2274646759,0.7678125000,0.5420625000,4.8733125000
548.3276445866,0.7681875000,0.5420625000,4.8733125000
548.4277617931,0.7681875000,0.5416875000,4.8733125000
548.5274698734,0.7681875000,0.5428125000,4.8735000000
548.6278369427,0.7680000000,0.5418750000,4.8735000000
548.7274782658,0.7680000000,0.5418750000,4.8735000000
548.8275458813,0.7681875000,0.5418750000,4.8735000000
548.9277164936,0.7681875000,0.5418750000,4.8735000000
549.0274882317,0.7680000000,0.5418750000,4.8735000000
549.1277289391,0.7681875000,0.5416875000,4.8735000000
549.2275817394,0.7680000000,0.5430000000,4.8729375000
549.3276174068,0.7681875000,0.5424375000,4.8735000000
549.4275925159,0.7681875000,0.5418750000,4.8735000000
549.5277194977,0.7678125000,0.5422500000,4.8735000000
549.6274895668,0.7681875000,0.5418750000,4.8733125000
549.7274582386,0.7680000000,0.5418750000,4.8733125000
549.8286607265,0.7681875000,0.5420625000,4.8733125000
549.9276406765,0.7681875000,0.5418750000,4.8733125000
550.0293025970,0.7678125000,0.5418750000,4.8733125000
550.1279726028,0.7681875000,0.5418750000,4.8735000000
550.2277140617,0.7681875000,0.5420625000,4.8735000000
550.3274962902,0.7681875000,0.5415000000,4.8733125000
550.4276990891,0.7683750000,0.5420625000,4.8735000000
550.5275883675,0.7685625000,0.5418750000,4.8733125000
550.6275115013,0.7683750000,0.5413125000,4.8733125000
550.7274787426,0.7680000000,0.5415000000,4.8733125000
550.8275268078,0.7683750000,0.5418750000,4.8733125000
550.9275529385,0.7681875000,0.5420625000,4.8733125000
551.0275688171,0.7681875000,0.5424375000,4.8735000000
551.1277239323,0.7681875000,0.5413125000,4.8735000000
551.2275536060,0.7681875000,0.5426250000,4.8735000000
551.3275568485,0.7681875000,0.5418750000,4.8735000000
551.4275825024,0.7681875000,0.5420625000,4.8735000000
551.5288834572,0.7683750000,0.5420625000,4.8735000000
551.6275589466,0.7681875000,0.5418750000,4.8735000000
551.7274372578,0.7683750000,0.5416875000,4.8735000000
551.8274450302,0.7681875000,0.5418750000,4.8731250000
551.9277305603,0.7683750000,0.5418750000,4.8733125000
552.0274779797,0.7683750000,0.5420625000,4.8733125000
552.1276168823,0.7680000000,0.5420625000,4.8733125000
552.2274861336,0.7681875000,0.5411250000,4.8733125000
552.3274517059,0.7683750000,0.5418750000,4.8733125000
552.4274373055,0.7683750000,0.5422500000,4.8733125000
552.5275671482,0.7681875000,0.5420625000,4.8733125000
552.6274585724,0.7683750000,0.5422500000,4.8733125000
552.7274315357,0.7683750000,0.5418750000,4.8733125000
552.8275806904,0.7681875000,0.5416875000,4.8735000000
552.9276497364,0.7685625000,0.5418750000,4.8735000000
553.0276176929,0.7687500000,0.5420625000,4.8733125000
553.1276457310,0.7685625000,0.5426250000,4.8733125000
553.2274484634,0.7683750000,0.5415000000,4.8733125000
553.3275549412,0.7683750000,0.5418750000,4.8735000000
553.4276371002,0.7687500000,0.5413125000,4.8733125000
553.5274350643,0.7685625000,0.5418750000,4.8733125000
553.6274454594,0.7683750000,0.5415000000,4.8735000000
553.7275800705,0.7685625000,0.5422500000,4.8735000000
553.8274612427,0.7685625000,0.5413125000,4.8735000000
553.9274578094,0.7685625000,0.5428125000,4.8735000000
554.0275378227,0.7685625000,0.5420625000,4.8735000000
554.1277389526,0.7685625000,0.5420625000,4.8735000000
554.2275600433,0.7687500000,0.5420625000,4.8735000000
554.3276340961,0.7683750000,0.5426250000,4.8729375000
554.4274573326,0.7683750000,0.5422500000,4.8735000000
554.5274281502,0.7687500000,0.5418750000,4.8731250000
554.6275739670,0.7685625000,0.5420625000,4.8733125000
554.7274355888,0.7681875000,0.5422500000,4.8733125000
554.8276228905,0.7685625000,0.5422500000,4.8733125000
554.9278025627,0.7685625000,0.5428125000,4.8733125000
555.0274837017,0.7685625000,0.5420625000,4.8733125000
555.1276154518,0.7685625000,0.5416875000,4.8733125000
555.2274711132,0.7685625000,0.5426250000,4.8733125000
555.3274760246,0.7683750000,0.5418750000,4.8733125000
555.4275767803,0.7685625000,0.5422500000,4.8733125000
555.5275077820,0.7687500000,0.5422500000,4.8733125000
555.6278080940,0.7687500000,0.5430000000,4.8733125000
555.7275815010,0.7685625000,0.5418750000,4.8733125000
555.8274536133,0.7687500000,0.5420625000,4.8733125000
555.9274468422,0.7685625000,0.5418750000,4.8733125000
556.0275900364,0.7687500000,0.5426250000,4.8733125000
556.1276328564,0.7685625000,0.5420625000,4.8733125000
556.2274560928,0.7685625000,0.5426250000,4.8735000000
556.3274159431,0.7685625000,0.5424375000,4.8733125000
556.4277539253,0.7685625000,0.5426250000,4.8735000000
556.5276153088,0.7687500000,0.5415000000,4.8735000000
556.6274306774,0.7687500000,0.5418750000,4.8735000000
556.7275879383,0.7687500000,0.5422500000,4.8735000000
556.8274927139,0.7687500000,0.5430000000,4.8735000000
556.9274713993,0.7687500000,0.5426250000,4.8735000000
557.0283594131,0.7687500000,0.5420625000,4.8735000000
557.1276156902,0.7683750000,0.5422500000,4.8733125000
557.2276041508,0.7685625000,0.5418750000,4.8733125000
557.3276822567,0.7687500000,0.5426250000,4.8733125000
557.4275090694,0.7691250000,0.5422500000,4.8733125000
557.5274922848,0.7687500000,0.5428125000,4.8733125000
557.6274833679,0.7685625000,0.5422500000,4.8733125000
557.7275025845,0.7685625000,0.5418750000,4.8733125000
557.8276479244,0.7687500000,0.5422500000,4.8733125000
557.9278991222,0.7689375000,0.5430000000,4.8733125000
558.0274782181,0.7685625000,0.5422500000,4.8733125000
558.1276807785,0.7687500000,0.5418750000,4.8735000000
558.2275905609,0.7685625000,0.5422500000,4.8733125000
558.3275721073,0.7689375000,0.5418750000,4.8733125000
558.4276113510,0.7687500000,0.5428125000,4.8733125000
558.5276179314,0.7687500000,0.5422500000,4.8733125000
558.6276931763,0.7685625000,0.5430000000,4.8733125000
558.7274322510,0.7687500000,0.5422500000,4.8733125000
558.8275258541,0.7689375000,0.5418750000,4.8733125000
558.9274327755,0.7685625000,0.5418750000,4.8736875000
559.0274503231,0.7689375000,0.5418750000,4.8735000000
559.1276047230,0.7689375000,0.5430000000,4.8735000000
559.2275047302,0.7689375000,0.5422500000,4.8735000000
559.3276810646,0.7689375000,0.5426250000,4.8735000000
559.4278285503,0.7687500000,0.5426250000,4.8735000000
559.5274579525,0.7689375000,0.5426250000,4.8735000000
559.6276047230,0.7689375000,0.5424375000,4.8714375000
559.7275593281,0.7685625000,0.5426250000,4.8733125000
559.8287179470,0.7689375000,0.5422500000,4.8733125000
559.9275879860,0.7687500000,0.5424375000,4.8731250000
560.0275905132,0.7687500000,0.5422500000,4.8733125000
560.1275887489,0.7689375000,0.5420625000,4.8733125000
560.2274899483,0.7689375000,0.5428125000,4.8733125000
560.3275587559,0.7691250000,0.5422500000,4.8733125000
560.4274828434,0.7691250000,0.5428125000,4.8733125000
560.5274338722,0.7687500000,0.5428125000,4.8735000000
560.6277985573,0.7687500000,0.5422500000,4.8733125000
560.7277655602,0.7689375000,0.5420625000,4.8733125000
560.8275535107,0.7687500000,0.5426250000,4.8733125000
560.9277083874,0.7691250000,0.5428125000,4.8733125000
561.0276231766,0.7689375000,0.5422500000,4.8733125000
561.1276860237,0.7689375000,0.5420625000,4.8733125000
561.2288262844,0.7687500000,0.5428125000,4.8733125000
561.3276047707,0.7689375000,0.5420625000,4.8733125000
561.4274764061,0.7689375000,0.5418750000,4.8733125000
561.5275793076,0.7689375000,0.5420625000,4.8733125000
561.6276206970,0.7691250000,0.5422500000,4.8735000000
561.7275953293,0.7691250000,0.5422500000,4.8733125000
561.8275873661,0.7689375000,0.5422500000,4.8735000000
561.9274847507,0.7691250000,0.5428125000,4.8735000000
562.0275809765,0.7691250000,0.5420625000,4.8735000000
562.1277446747,0.7691250000,0.5420625000,4.8735000000
562.2275459766,0.7691250000,0.5422500000,4.8735000000
562.3275101185,0.7689375000,0.5435625000,4.8727500000
562.4277868271,0.7691250000,0.5430000000,4.8733125000
562.5275466442,0.7693125000,0.5422500000,4.8733125000
562.6284689903,0.7693125000,0.5430000000,4.8733125000
562.7281236649,0.7691250000,0.5426250000,4.8733125000
562.8276736736,0.7693125000,0.5420625000,4.8733125000
562.9276766777,0.7693125000,0.5420625000,4.8733125000
563.0274682045,0.7693125000,0.5428125000,4.8733125000
563.1277437210,0.7691250000,0.5420625000,4.8733125000
563.2274761200,0.7689375000,0.5420625000,4.8733125000
563.3275887966,0.7689375000,0.5428125000,4.8733125000
563.4276294708,0.7689375000,0.5422500000,4.8733125000
563.5274639130,0.7691250000,0.5424375000,4.8733125000
563.6274652481,0.7693125000,0.5426250000,4.8733125000
563.7274489403,0.7693125000,0.5424375000,4.8733125000
563.8274261951,0.7693125000,0.5420625000,4.8733125000
563.9278209209,0.7691250000,0.5422500000,4.8733125000
564.0276086330,0.7693125000,0.5426250000,4.8733125000
564.1285214424,0.7693125000,0.5418750000,4.8733125000
564.2276611328,0.7689375000,0.5420625000,4.8733125000
564.3275511265,0.7691250000,0.5430000000,4.8733125000
564.4275608063,0.7691250000,0.5424375000,4.8736875000
564.5274326801,0.7693125000,0.5420625000,4.8735000000
564.6274783611,0.7693125000,0.5422500000,4.8733125000
564.7274525166,0.7695000000,0.5422500000,4.8735000000
564.8274657726,0.7695000000,0.5424375000,4.8735000000
564.9274425507,0.7695000000,0.5428125000,4.8735000000
565.0274562836,0.7695000000,0.5420625000,4.8733125000
565.1275963783,0.7693125000,0.5422500000,4.8735000000
565.2275176048,0.7691250000,0.5422500000,4.8729375000
565.3274595737,0.7691250000,0.5422500000,4.8731250000
565.4277806282,0.7691250000,0.5422500000,4.8735000000
565.5286285877,0.7691250000,0.5424375000,4.8733125000
565.6276066303,0.7691250000,0.5426250000,4.8733125000
565.7274484634,0.7693125000,0.5422500000,4.8733125000
565.8274998665,0.7696875000,0.5422500000,4.8733125000
565.9274213314,0.7695000000,0.5422500000,4.8733125000
566.0274665356,0.7695000000,0.5422500000,4.8735000000
566.1276066303,0.7695000000,0.5422500000,4.8733125000
566.2274715900,0.7695000000,0.5420625000,4.8733125000
566.3275554180,0.7695000000,0.5422500000,4.8731250000
566.4275507927,0.7695000000,0.5420625000,4.8733125000
566.5276165009,0.7695000000,0.5422500000,4.8733125000
566.6278085709,0.7696875000,0.5424375000,4.8733125000
566.7276015282,0.7693125000,0.5424375000,4.8733125000
566.8277103901,0.7695000000,0.5420625000,4.8733125000
566.9280598164,0.7695000000,0.5424375000,4.8733125000
567.0275027752,0.7693125000,0.5428125000,4.8733125000
567.1277439594,0.7695000000,0.5422500000,4.8735000000
567.2274792194,0.7696875000,0.5422500000,4.8733125000
567.3278088570,0.7695000000,0.5422500000,4.8735000000
567.4277207851,0.7696875000,0.5424375000,4.8735000000
567.5277476311,0.7695000000,0.5422500000,4.8733125000
567.6276748180,0.7698750000,0.5424375000,4.8735000000
567.7278206348,0.7696875000,0.5422500000,4.8735000000
567.8275473118,0.7695000000,0.5428125000,4.8733125000
567.9277083874,0.7695000000,0.5420625000,4.8733125000
568.0275013447,0.7695000000,0.5430000000,4.8733125000
568.1277570724,0.7696875000,0.5416875000,4.8733125000
568.2275648117,0.7695000000,0.5430000000,4.8733125000
568.3296532631,0.7698750000,0.5426250000,4.8733125000
568.4278221130,0.7696875000,0.5422500000,4.8733125000
568.5344736576,0.7696875000,0.5431875000,4.8733125000
568.6276502609,0.7696875000,0.5422500000,4.8733125000
568.7274289131,0.7695000000,0.5424375000,4.8733125000
568.8274667263,0.7696875000,0.5424375000,4.8735000000
568.9274432659,0.7695000000,0.5424375000,4.8731250000
569.0275480747,0.7696875000,0.5422500000,4.8733125000
569.1275985241,0.7698750000,0.5426250000,4.8733125000
569.2275331020,0.7695000000,0.5426250000,4.8735000000
569.3275396824,0.7696875000,0.5418750000,4.8733125000
569.4274740219,0.7698750000,0.5424375000,4.8733125000
569.5274269581,0.7696875000,0.5422500000,4.8733125000
569.6274831295,0.7698750000,0.5420625000,4.8735000000
569.7280073166,0.7698750000,0.5424375000,4.8735000000
569.8275096416,0.7696875000,0.5426250000,4.8733125000
569.9277038574,0.7698750000,0.5418750000,4.8733125000
570.0276453495,0.7698750000,0.5416875000,4.8735000000
570.1277501583,0.7698750000,0.5424375000,4.8733125000
570.2274310589,0.7698750000,0.5416875000,4.8735000000
570.3275322914,0.7693125000,0.5422500000,4.8718125000
570.4274239540,0.7700625000,0.5422500000,4.8731250000
570.5274167061,0.7696875000,0.5422500000,4.8733125000
570.6274762154,0.7698750000,0.5422500000,4.8733125000
570.7274351120,0.7700625000,0.5420625000,4.8733125000
570.8275647163,0.7698750000,0.5415000000,4.8733125000
570.9275233746,0.7700625000,0.5428125000,4.8733125000
571.0274493694,0.7700625000,0.5424375000,4.8733125000
571.1280806065,0.7700625000,0.5428125000,4.8733125000
571.2275335789,0.7698750000,0.5424375000,4.8733125000
571.3274524212,0.7698750000,0.5416875000,4.8733125000
571.4276125431,0.7700625000,0.5426250000,4.8733125000
571.5274586678,0.7698750000,0.5422500000,4.8731250000
571.6274590492,0.7700625000,0.5426250000,4.8733125000
571.7274971008,0.7700625000,0.5424375000,4.8733125000
571.8274762630,0.7700625000,0.5431875000,4.8733125000
571.9274110794,0.7702500000,0.5418750000,4.8733125000
572.0274252892,0.7700625000,0.5424375000,4.8733125000
572.1276116371,0.7700625000,0.5428125000,4.8733125000
572.2274241447,0.7700625000,0.5420625000,4.8735000000
572.3276762962,0.7702500000,0.5424375000,4.8733125000
572.4275968075,0.7702500000,0.5428125000,4.8735000000
572.5276057720,0.7702500000,0.5431875000,4.8735000000
572.6275527477,0.7702500000,0.5426250000,4.8735000000
572.7276790142,0.7702500000,0.5428125000,4.8735000000
572.8276603222,0.7702500000,0.5424375000,4.8735000000
572.9276638031,0.7698750000,0.5437500000,4.8727500000
573.0276012421,0.7698750000,0.5424375000,4.8733125000
573.1277737617,0.7702500000,0.5426250000,4.8733125000
573.2275750637,0.7702500000,0.5424375000,4.8731250000
573.3274629116,0.7702500000,0.5428125000,4.8733125000
573.4275009632,0.7700625000,0.5428125000,4.8733125000
573.5274589062,0.7702500000,0.5428125000,4.8733125000
573.6276233196,0.7700625000,0.5428125000,4.8733125000
573.7275362015,0.7702500000,0.5435625000,4.8733125000
573.8275816441,0.7702500000,0.5426250000,4.8733125000
573.9285492897,0.7702500000,0.5428125000,4.8733125000
574.0277063847,0.7706250000,0.5426250000,4.8733125000
574.1276228428,0.7700625000,0.5428125000,4.8733125000
574.2276871204,0.7706250000,0.5424375000,4.8733125000
574.3275656700,0.7704375000,0.5424375000,4.8733125000
574.4276452065,0.7706250000,0.5435625000,4.8733125000
574.5275776386,0.7702500000,0.5426250000,4.8733125000
574.6275670528,0.7706250000,0.5428125000,4.8733125000
574.7274446487,0.7704375000,0.5426250000,4.8733125000
574.8275494576,0.7704375000,0.5431875000,4.8731250000
574.9275937080,0.7704375000,0.5428125000,4.8735000000
575.0275681019,0.7704375000,0.5435625000,4.8733125000
575.1277217865,0.7706250000,0.5430000000,4.8735000000
575.2277348042,0.7706250000,0.5431875000,4.8735000000
575.3274419308,0.7708125000,0.5430000000,4.8735000000
575.4277102947,0.7706250000,0.5428125000,4.8733125000
575.5284874439,0.7706250000,0.5431875000,4.8733125000
575.6275019646,0.7704375000,0.5428125000,4.8727500000
575.7275946140,0.7708125000,0.5428125000,4.8733125000
575.8274970055,0.7708125000,0.5433750000,4.8731250000
575.9278295040,0.7708125000,0.5426250000,4.8733125000
576.0276038647,0.7708125000,0.5422500000,4.8733125000
576.1276061535,0.7708125000,0.5433750000,4.8733125000
576.2288281918,0.7708125000,0.5426250000,4.8733125000
576.3280034065,0.7706250000,0.5428125000,4.8733125000
576.4274954796,0.7704375000,0.5433750000,4.8733125000
576.5275814533,0.7710000000,0.5435625000,4.8733125000
576.6275441647,0.7708125000,0.5433750000,4.8733125000
576.7275884151,0.7708125000,0.5431875000,4.8733125000
576.8286995888,0.7706250000,0.5430000000,4.8733125000
576.9274971485,0.7708125000,0.5428125000,4.8733125000
577.0275001526,0.7710000000,0.5428125000,4.8733125000
577.1275970936,0.7706250000,0.5431875000,4.8733125000
577.2274174690,0.7708125000,0.5428125000,4.8733125000
577.3274631500,0.7706250000,0.5428125000,4.8733125000
577.4276821613,0.7706250000,0.5431875000,4.8733125000
577.5274600983,0.7710000000,0.5435625000,4.8735000000
577.6274180412,0.7708125000,0.5428125000,4.8735000000
577.7275047302,0.7710000000,0.5430000000,4.8735000000
577.8275990486,0.7711875000,0.5428125000,4.8735000000
577.9275639057,0.7710000000,0.5433750000,4.8735000000
578.0274431705,0.7710000000,0.5433750000,4.8733125000
578.1277453899,0.7710000000,0.5433750000,4.8735000000
578.2289738655,0.7706250000,0.5437500000,4.8733125000
578.3275821209,0.7710000000,0.5428125000,4.8733125000
578.4275805950,0.7711875000,0.5433750000,4.8733125000
578.5274486542,0.7710000000,0.5433750000,4.8733125000
578.6274516582,0.7711875000,0.5428125000,4.8733125000
578.7275269032,0.7710000000,0.5424375000,4.8733125000
578.8274834156,0.7710000000,0.5430000000,4.8733125000
578.9278235435,0.7713750000,0.5433750000,4.8733125000
579.0275552273,0.7710000000,0.5430000000,4.8733125000
579.1275990009,0.7710000000,0.5435625000,4.8733125000
579.2273991108,0.7710000000,0.5431875000,4.8733125000
579.3274064064,0.7710000000,0.5435625000,4.8733125000
579.4274041653,0.7711875000,0.5428125000,4.8733125000
579.5274064541,0.7711875000,0.5428125000,4.8733125000
579.6279435158,0.7713750000,0.5433750000,4.8733125000
579.7275307178,0.7710000000,0.5435625000,4.8733125000
579.8275716305,0.7711875000,0.5426250000,4.8733125000
579.9275655746,0.7711875000,0.5430000000,4.8733125000
580.0274028778,0.7711875000,0.5435625000,4.8733125000
580.1275777817,0.7711875000,0.5431875000,4.8733125000
580.2275650501,0.7713750000,0.5433750000,4.8733125000
580.3273994923,0.7713750000,0.5431875000,4.8733125000
580.4277458191,0.7713750000,0.5435625000,4.8735000000
580.5274145603,0.7713750000,0.5433750000,4.8735000000
580.6275537014,0.7713750000,0.5433750000,4.8733125000
580.7274234295,0.7715625000,0.5430000000,4.8735000000
580.8275585175,0.7713750000,0.5433750000,4.8735000000
580.9273881912,0.7708125000,0.5428125000,4.8729375000
581.0290315151,0.7713750000,0.5441250000,4.8733125000
581.1276023388,0.7711875000,0.5435625000,4.8733125000
581.2275376320,0.7713750000,0.5431875000,4.8733125000
581.3273973465,0.7715625000,0.5433750000,4.8733125000
581.4275588989,0.7715625000,0.5441250000,4.8733125000
581.5274219513,0.7713750000,0.5439375000,4.8733125000
581.6275255680,0.7715625000,0.5431875000,4.8733125000
581.7275481224,0.7717500000,0.5439375000,4.8733125000
581.8273983002,0.7715625000,0.5433750000,4.8733125000
581.9276294708,0.7715625000,0.5439375000,4.8733125000
582.0276770592,0.7713750000,0.5435625000,4.8733125000
582.1276056767,0.7715625000,0.5433750000,4.8733125000
582.2274227142,0.7713750000,0.5430000000,4.8733125000
582.3276910782,0.7715625000,0.5430000000,4.8733125000
582.4281768799,0.7717500000,0.5426250000,4.8733125000
582.5276951790,0.7717500000,0.5439375000,4.8733125000
582.6275572777,0.7715625000,0.5430000000,4.8733125000
582.7274310589,0.7715625000,0.5433750000,4.8733125000
582.8274891376,0.7717500000,0.5437500000,4.8735000000
582.9274897575,0.7715625000,0.5430000000,4.8735000000
583.0274133682,0.7715625000,0.5430000000,4.8733125000
583.1276431084,0.7717500000,0.5435625000,4.8733125000
583.2274923325,0.7717500000,0.5431875000,4.8735000000
583.3275394440,0.7715625000,0.5435625000,4.8733125000
583.4277360439,0.7717500000,0.5433750000,4.8735000000
583.5274355412,0.7715625000,0.5437500000,4.8727500000
583.6274104118,0.7715625000,0.5441250000,4.8733125000
583.7275123596,0.7717500000,0.5435625000,4.8733125000
583.8277988434,0.7717500000,0.5437500000,4.8733125000
583.9276318550,0.7719375000,0.5437500000,4.8733125000
584.0274853706,0.7717500000,0.5431875000,4.8733125000
584.1276421547,0.7717500000,0.5433750000,4.8733125000
584.2274084091,0.7717500000,0.5433750000,4.8735000000
584.3274745941,0.7717500000,0.5433750000,4.8733125000
584.4275343418,0.7719375000,0.5439375000,4.8733125000
584.5273952484,0.7717500000,0.5437500000,4.8733125000
584.6274328232,0.7717500000,0.5433750000,4.8733125000
584.7275235653,0.7715625000,0.5430000000,4.8731250000
584.8275113106,0.7717500000,0.5437500000,4.8733125000
584.9276745319,0.7719375000,0.5441250000,4.8735000000
585.0275783539,0.7719375000,0.5431875000,4.8733125000
585.1276011467,0.7719375000,0.5431875000,4.8733125000
585.2275445461,0.7717500000,0.5433750000,4.8733125000
585.3275945187,0.7719375000,0.5439375000,4.8733125000
585.4274294376,0.7719375000,0.5433750000,4.8735000000
585.5275232792,0.7719375000,0.5435625000,4.8735000000
585.6276495457,0.7719375000,0.5437500000,4.8735000000
585.7275712490,0.7719375000,0.5431875000,4.8735000000
585.8274071217,0.7719375000,0.5430000000,4.8735000000
585.9274241924,0.7719375000,0.5437500000,4.8735000000
586.0274095535,0.7719375000,0.5431875000,4.8735000000
586.1277470589,0.7721250000,0.5433750000,4.8735000000
586.2275204659,0.7715625000,0.5437500000,4.8731250000
586.3275690079,0.7717500000,0.5439375000,4.8733125000
586.4276444912,0.7719375000,0.5428125000,4.8735000000
586.5276708603,0.7717500000,0.5430000000,4.8733125000
586.6274833679,0.7719375000,0.5437500000,4.8733125000
586.7277157307,0.7721250000,0.5431875000,4.8733125000
586.8276474476,0.7721250000,0.5437500000,4.8733125000
586.9275882244,0.7719375000,0.5437500000,4.8733125000
587.0274646282,0.7719375000,0.5435625000,4.8735000000
587.1277508736,0.7719375000,0.5437500000,4.8735000000
587.2275230885,0.7719375000,0.5435625000,4.8733125000
587.3275599480,0.7719375000,0.5435625000,4.8733125000
587.4275484085,0.7721250000,0.5439375000,4.8733125000
587.5275747776,0.7721250000,0.5437500000,4.8733125000
587.6275920868,0.7721250000,0.5441250000,4.8733125000
587.7276048660,0.7719375000,0.5431875000,4.8733125000
587.8274879456,0.7721250000,0.5441250000,4.8733125000
587.9277708530,0.7721250000,0.5437500000,4.8733125000
588.0276968479,0.7721250000,0.5431875000,4.8735000000
588.1283376217,0.7721250000,0.5437500000,4.8735000000
588.2276208401,0.7721250000,0.5435625000,4.8735000000
588.3276054859,0.7723125000,0.5439375000,4.8735000000
588.4285454750,0.7721250000,0.5433750000,4.8735000000
588.5274529457,0.7721250000,0.5433750000,4.8733125000
588.6276159286,0.7721250000,0.5435625000,4.8735000000
588.7274897099,0.7719375000,0.5439375000,4.8720000000
588.8275644779,0.7721250000,0.5433750000,4.8735000000
588.9275629520,0.7719375000,0.5439375000,4.8731250000
589.0274488926,0.7719375000,0.5437500000,4.8733125000
589.1277141571,0.7721250000,0.5439375000,4.8733125000
589.2274332047,0.7723125000,0.5430000000,4.8733125000
589.3274691105,0.7723125000,0.5430000000,4.8733125000
589.4277126789,0.7723125000,0.5437500000,4.8733125000
589.5275411606,0.7721250000,0.5431875000,4.8733125000
589.6279599667,0.7723125000,0.5439375000,4.8733125000
589.7274250984,0.7721250000,0.5439375000,4.8733125000
589.8276293278,0.7723125000,0.5430000000,4.8733125000
589.9274673462,0.7723125000,0.5439375000,4.8733125000
590.0274088383,0.7721250000,0.5430000000,4.8733125000
590.1275854111,0.7721250000,0.5439375000,4.8733125000
590.2275004387,0.7721250000,0.5441250000,4.8733125000
590.3274910450,0.7723125000,0.5433750000,4.8733125000
590.4274759293,0.7725000000,0.5430000000,4.8733125000
590.5275506973,0.7725000000,0.5431875000,4.8733125000
590.6275365353,0.7723125000,0.5437500000,4.8733125000
590.7275207043,0.7721250000,0.5437500000,4.8733125000
590.8276014328,0.7721250000,0.5433750000,4.8733125000
590.9276642799,0.7723125000,0.5439375000,4.8735000000
591.0290470123,0.7723125000,0.5439375000,4.8735000000
591.1277110577,0.7723125000,0.5433750000,4.8735000000
591.2274215221,0.7723125000,0.5437500000,4.8735000000
591.3274207115,0.7723125000,0.5435625000,4.8735000000
591.4275481701,0.7725000000,0.5439375000,4.8735000000
591.5273935795,0.7723125000,0.5431875000,4.8735000000
591.6274380684,0.7725000000,0.5439375000,4.8727500000
591.7275431156,0.7723125000,0.5431875000,4.8733125000
591.8275067806,0.7719375000,0.5435625000,4.8733125000
591.9274127483,0.7721250000,0.5437500000,4.8733125000
592.0275585651,0.7721250000,0.5433750000,4.8733125000
592.1277315617,0.7721250000,0.5439375000,4.8733125000
592.2274279594,0.7723125000,0.5437500000,4.8733125000
592.3275632858,0.7725000000,0.5437500000,4.8733125000
592.4276583195,0.7725000000,0.5441250000,4.8733125000
592.5275907516,0.7721250000,0.5431875000,4.8733125000
592.6274113655,0.7723125000,0.5439375000,4.8733125000
592.7274115086,0.7725000000,0.5441250000,4.8731250000
592.8274328709,0.7721250000,0.5439375000,4.8733125000
592.9274964333,0.7723125000,0.5431875000,4.8735000000
593.0273988247,0.7723125000,0.5439375000,4.8733125000
593.1277689934,0.7726875000,0.5441250000,4.8733125000
593.2274775505,0.7725000000,0.5439375000,4.8733125000
593.3275139332,0.7723125000,0.5431875000,4.8733125000
593.4275786877,0.7725000000,0.5430000000,4.8733125000
593.5274317265,0.7723125000,0.5439375000,4.8735000000
593.6273965836,0.7725000000,0.5433750000,4.8735000000
593.7275371552,0.7723125000,0.5433750000,4.8735000000
593.8277420998,0.7725000000,0.5439375000,4.8735000000
593.9276299477,0.7725000000,0.5439375000,4.8735000000
594.0274918079,0.7725000000,0.5433750000,4.8735000000
594.1275963783,0.7721250000,0.5426250000,4.8733125000
594.2275249958,0.7721250000,0.5439375000,4.8733125000
594.3273949623,0.7725000000,0.5439375000,4.8733125000
594.4275355339,0.7725000000,0.5437500000,4.8735000000
594.5274724960,0.7723125000,0.5430000000,4.8733125000
594.6274318695,0.7726875000,0.5437500000,4.8733125000
594.7274081707,0.7723125000,0.5431875000,4.8733125000
594.8276188374,0.7723125000,0.5439375000,4.8733125000
594.9273917675,0.7725000000,0.5437500000,4.8733125000
595.0275175571,0.7725000000,0.5430000000,4.8733125000
595.1276936531,0.7725000000,0.5428125000,4.8733125000
595.2274279594,0.7725000000,0.5433750000,4.8733125000
595.3277029991,0.7726875000,0.5433750000,4.8733125000
595.4276356697,0.7723125000,0.5430000000,4.8733125000
595.5274329185,0.7723125000,0.5441250000,4.8731250000
595.6274235249,0.7726875000,0.5435625000,4.8733125000
595.7274916172,0.7723125000,0.5439375000,4.8733125000
595.8274574280,0.7725000000,0.5430000000,4.8735000000
595.9274003506,0.7725000000,0.5437500000,4.8735000000
596.0273993015,0.7723125000,0.5439375000,4.8735000000
596.1276960373,0.7726875000,0.5437500000,4.8735000000
596.2275428772,0.7725000000,0.5433750000,4.8735000000
596.3275322914,0.7725000000,0.5431875000,4.8735000000
596.4274837971,0.7725000000,0.5439375000,4.8735000000
596.5274748802,0.7723125000,0.5433750000,4.8723750000
596.6275193691,0.7723125000,0.5435625000,4.8731250000
596.7276568413,0.7728750000,0.5439375000,4.8733125000
596.8274805546,0.7725000000,0.5430000000,4.8733125000
596.9277613163,0.7725000000,0.5431875000,4.8733125000
597.0275940895,0.7725000000,0.5439375000,4.8733125000
597.1275966167,0.7723125000,0.5435625000,4.8731250000
597.2274076939,0.7723125000,0.5439375000,4.8733125000
597.3274188042,0.7728750000,0.5430000000,4.8733125000
597.4274001122,0.7726875000,0.5435625000,4.8733125000
597.5274353027,0.7721250000,0.5439375000,4.8733125000
597.6276674271,0.7726875000,0.5431875000,4.8733125000
597.7275321484,0.7725000000,0.5441250000,4.8733125000
597.8274121284,0.7725000000,0.5437500000,4.8733125000
597.9275486469,0.7726875000,0.5439375000,4.8733125000
598.0274064541,0.7725000000,0.5435625000,4.8733125000
598.1276428699,0.7726875000,0.5443125000,4.8733125000
598.2277312279,0.7726875000,0.5439375000,4.8735000000
598.3276269436,0.7726875000,0.5437500000,4.8735000000
598.4276347160,0.7725000000,0.5441250000,4.8735000000
598.5274958611,0.7726875000,0.5437500000,4.8735000000
598.6274526119,0.7725000000,0.5430000000,4.8735000000
598.7275788784,0.7725000000,0.5435625000,4.8735000000
598.8276367188,0.7725000000,0.5439375000,4.8733125000
598.9274282455,0.7721250000,0.5443125000,4.8718125000
599.0275759697,0.7725000000,0.5439375000,4.8731250000
599.1277194023,0.7725000000,0.5443125000,4.8731250000
599.2274644375,0.7725000000,0.5431875000,4.8731250000
599.3274488449,0.7726875000,0.5437500000,4.8733125000
599.4276199341,0.7725000000,0.5435625000,4.8733125000
599.5281214714,0.7726875000,0.5437500000,4.8733125000
599.6274714470,0.7725000000,0.5439375000,4.8733125000
599.7276096344,0.7723125000,0.5441250000,4.8733125000
599.8275883198,0.7725000000,0.5439375000,4.8733125000
599.9276766777,0.7726875000,0.5439375000,4.8733125000
600.0376973152,0.7884375000,0.5437500000,4.8856875000
600.1367738247,0.7800000000,0.5431875000,4.8813750000
600.2343907356,0.7801875000,0.5435625000,4.8808125000
600.3316988945,0.7800000000,0.5437500000,4.8806250000
600.4322404861,0.7803750000,0.5435625000,4.8806250000
600.5308282375,0.7923750000,0.5430000000,4.8939375000
600.6374669075,0.7929375000,0.5418750000,4.8926250000
600.7338948250,0.7908750000,0.5426250000,4.8892500000
600.8287091255,0.7886250000,0.5431875000,4.8855000000
600.9332726002,0.8011875000,0.5422500000,4.8997500000
601.0302674770,0.8019375000,0.5422500000,4.8995625000
601.1281423569,0.8026875000,0.5420625000,4.8993750000
601.2361006737,0.8034375000,0.5416875000,4.8993750000
601.3341519833,0.8040000000,0.5424375000,4.8993750000
601.4332866669,0.8045625000,0.5420625000,4.8988125000
601.5281789303,0.8047500000,0.5422500000,4.8991875000
601.6327161789,0.8055000000,0.5424375000,4.8990000000
601.7279851437,0.8058750000,0.5426250000,4.8990000000
601.8333139420,0.8062500000,0.5422500000,4.8990000000
601.9281010628,0.8068125000,0.5420625000,4.8990000000
602.0324840546,0.8071875000,0.5422500000,4.8990000000
602.1277372837,0.8075625000,0.5428125000,4.8990000000
602.2321040630,0.8079375000,0.5416875000,4.8988125000
602.3377780914,0.8081250000,0.5415000000,4.8990000000
602.4286763668,0.8086875000,0.5422500000,4.8988125000
602.5338871479,0.8088750000,0.5415000000,4.8990000000
602.6287879944,0.8092500000,0.5418750000,4.8990000000
602.7333419323,0.8096250000,0.5422500000,4.8990000000
602.8284626007,0.8100000000,0.5431875000,4.8990000000
602.9336259365,0.8103750000,0.5420625000,4.8990000000
603.0284867287,0.8103750000,0.5426250000,4.8990000000
603.1339001656,0.8105625000,0.5418750000,4.8990000000
603.2285828590,0.8107500000,0.5424375000,4.8990000000
603.3331506252,0.8111250000,0.5418750000,4.8990000000
603.4279482365,0.8113125000,0.5426250000,4.8990000000
603.5323793888,0.8115000000,0.5416875000,4.8990000000
603.6276001930,0.8115000000,0.5418750000,4.8967500000
603.7362508774,0.8115000000,0.5418750000,4.8988125000
603.8334484100,0.8118750000,0.5431875000,4.8988125000
603.9285364151,0.8120625000,0.5428125000,4.8990000000
604.0329840183,0.8120625000,0.5418750000,4.8988125000
604.1275641918,0.7867500000,0.5430000000,4.8705000000
604.2275805473,0.7854375000,0.5435625000,4.8703125000
604.3284077644,0.7846875000,0.5437500000,4.8703125000
604.4276676178,0.7839375000,0.5433750000,4.8703125000
604.5275549889,0.7830000000,0.5435625000,4.8701250000
604.6275334358,0.7826250000,0.5439375000,4.8703125000
604.7275643349,0.7820625000,0.5439375000,4.8701250000
604.8275563717,0.7815000000,0.5439375000,4.8701250000
604.9275808334,0.7813125000,0.5437500000,4.8703125000
605.0276541710,0.7805625000,0.5441250000,4.8701250000
605.1278851032,0.7801875000,0.5443125000,4.8701250000
605.2275347710,0.7800000000,0.5433750000,4.8701250000
605.3276441097,0.7798125000,0.5437500000,4.8701250000
605.4275527000,0.7796250000,0.5445000000,4.8701250000
605.5274868011,0.7794375000,0.5431875000,4.8703125000
605.6275289059,0.7796250000,0.5435625000,4.8701250000
605.7275710106,0.7790625000,0.5439375000,4.8703125000
605.8275361061,0.7794375000,0.5433750000,4.8703125000
605.9276351929,0.7792500000,0.5439375000,4.8703125000
606.0277190208,0.7794375000,0.5443125000,4.8703125000
606.1276962757,0.7798125000,0.5439375000,4.8703125000
606.2275376320,0.7798125000,0.5441250000,4.8703125000
606.3276607990,0.7803750000,0.5439375000,4.8703125000
606.4275400639,0.7805625000,0.5443125000,4.8703125000
606.5278069973,0.7809375000,0.5443125000,4.8695625000
606.6274709702,0.7813125000,0.5443125000,4.8699375000
606.7275524139,0.7818750000,0.5433750000,4.8703125000
606.8275821209,0.7822500000,0.5439375000,4.8701250000
606.9275374413,0.7833750000,0.5433750000,4.8701250000
607.0274367332,0.7839375000,0.5441250000,4.8701250000
607.1275858879,0.7848750000,0.5437500000,4.8701250000
607.2275860310,0.7856250000,0.5441250000,4.8701250000
607.3275535107,0.7865625000,0.5441250000,4.8701250000
607.4276170731,0.7876875000,0.5435625000,4.8701250000
607.5274446011,0.7890000000,0.5445000000,4.8701250000
607.6275250912,0.7899375000,0.5441250000,4.8701250000
607.7274084091,0.7912500000,0.5443125000,4.8699375000
607.8274376392,0.7925625000,0.5439375000,4.8701250000
607.9277162552,0.7940625000,0.5445000000,4.8701250000
608.0274441242,0.7953750000,0.5439375000,4.8703125000
608.1277720928,0.7972500000,0.5439375000,4.8701250000
608.2274610996,0.7987500000,0.5439375000,4.8701250000
608.3274028301,0.8006250000,0.5439375000,4.8703125000
608.4274549484,0.8023125000,0.5443125000,4.8703125000
608.5274024010,0.8043750000,0.5443125000,4.8703125000
608.6275610924,0.8064375000,0.5441250000,4.8701250000
608.7274000645,0.8083125000,0.5446875000,4.8703125000
608.8275258541,0.8107500000,0.5439375000,4.8703125000
608.9277923107,0.8130000000,0.5439375000,4.8701250000
609.0275332928,0.8152500000,0.5441250000,4.8703125000
609.1277282238,0.8176875000,0.5439375000,4.8695625000
609.2274150848,0.8201250000,0.5443125000,4.8701250000
609.3277153969,0.8229375000,0.5445000000,4.8701250000
609.4274168015,0.8257500000,0.5435625000,4.8701250000
609.5273981094,0.8283750000,0.5446875000,4.8701250000
609.6274321079,0.8315625000,0.5441250000,4.8701250000
609.7274367809,0.8343750000,0.5439375000,4.8699375000
609.8274171352,0.8375625000,0.5441250000,4.8701250000
609.9274048805,0.8405625000,0.5439375000,4.8701250000
610.0275244713,0.8441250000,0.5437500000,4.8699375000
610.1276407242,0.8473125000,0.5439375000,4.8699375000
610.2275128365,0.8508750000,0.5439375000,4.8701250000
610.3274655342,0.8542500000,0.5439375000,4.8701250000
610.4279055595,0.8580000000,0.5445000000,4.8699375000
610.5275664330,0.8619375000,0.5437500000,4.8699375000
610.6274759769,0.8658750000,0.5446875000,4.8701250000
610.7277131081,0.8698125000,0.5439375000,4.8701250000
610.8275907040,0.8737500000,0.5441250000,4.8701250000
610.9274435043,0.8780625000,0.5443125000,4.8701250000
611.0276448727,0.8820000000,0.5443125000,4.8701250000
611.1275947094,0.8865000000,0.5443125000,4.8705000000
611.2274410725,0.8910000000,0.5446875000,4.8703125000
611.3274266720,0.8953125000,0.5445000000,4.8703125000
611.4274132252,0.9000000000,0.5443125000,4.8703125000
611.5275421143,0.9046875000,0.5443125000,4.8701250000
611.6274261475,0.9095625000,0.5446875000,4.8703125000
611.7275314331,0.9144375000,0.5439375000,4.8703125000
611.8274893761,0.9193125000,0.5450625000,4.8684375000
611.9276311398,0.9243750000,0.5443125000,4.8699375000
612.0275297165,0.9294375000,0.5443125000,4.8701250000
612.1277406216,0.9345000000,0.5445000000,4.8699375000
612.2275290489,0.9397500000,0.5443125000,4.8701250000
612.3275306225,0.9451875000,0.5445000000,4.8699375000
612.4276421070,0.9508125000,0.5443125000,4.8699375000
612.5274906158,0.9562500000,0.5445000000,4.8699375000
612.6276562214,0.9616875000,0.5445000000,4.8701250000
612.7274746895,0.9673125000,0.5446875000,4.8699375000
612.8276586533,0.9729375000,0.5446875000,4.8699375000
612.9275298119,0.9787500000,0.5445000000,4.8701250000
613.0276250839,0.9847500000,0.5443125000,4.8699375000
613.1278073788,0.9905625000,0.5445000000,4.8699375000
613.2276768684,0.9965625000,0.5446875000,4.8699375000
613.3276455402,1.0023750000,0.5446875000,4.8701250000
613.4276826382,1.0083750000,0.5445000000,4.8699375000
613.5281317234,1.0145625000,0.5443125000,4.8699375000
613.6274740696,1.0211250000,0.5446875000,4.8699375000
613.7276041508,1.0273125000,0.5448750000,4.8701250000
613.8276443481,1.0336875000,0.5445000000,4.8699375000
613.9275925159,1.0398750000,0.5446875000,4.8703125000
614.0276303291,1.0462500000,0.5445000000,4.8703125000
614.1277503967,1.0526250000,0.5445000000,4.8701250000
614.2275884151,1.0591875000,0.5445000000,4.8703125000
614.3275284767,1.0655625000,0.5450625000,4.8703125000
614.4276049137,1.0721250000,0.5448750000,4.8701250000
614.5274441242,1.0785000000,0.5443125000,4.8703125000
614.6276526451,1.0850625000,0.5448750000,4.8699375000
614.7274351120,1.0910625000,0.5441250000,4.8699375000
614.8275532722,1.0983750000,0.5445000000,4.8699375000
614.9280769825,1.1051250000,0.5443125000,4.8701250000
615.0277507305,1.1118750000,0.5446875000,4.8699375000
615.1276102066,1.1182500000,0.5446875000,4.8699375000
615.2274584770,1.1251875000,0.5450625000,4.8699375000
615.3276312351,1.1317500000,0.5450625000,4.8699375000
615.4274740219,1.1381250000,0.5448750000,4.8701250000
615.5274515152,1.1450625000,0.5452500000,4.8701250000
615.6275222301,1.1516250000,0.5446875000,4.8701250000
615.7277462482,1.1581875000,0.5448750000,4.8699375000
615.8275904655,1.1647500000,0.5448750000,4.8699375000
615.9274506569,1.1716875000,0.5450625000,4.8699375000
616.0275557041,1.1782500000,0.5448750000,4.8699375000
616.1277174950,1.1850000000,0.5445000000,4.8699375000
616.2274801731,1.1913750000,0.5448750000,4.8701250000
616.3274297714,1.1979375000,0.5445000000,4.8701250000
616.4276688099,1.2048750000,0.5450625000,4.8701250000
616.5274634361,1.2112500000,0.5445000000,4.8701250000
616.6278460026,1.2180000000,0.5452500000,4.8701250000
616.7274401188,1.2243750000,0.5448750000,4.8703125000
616.8275339603,1.2309375000,0.5446875000,4.8701250000
616.9274346828,1.2373125000,0.5445000000,4.8701250000
617.0274524689,1.2438750000,0.5452500000,4.8701250000
617.1283974648,1.2496875000,0.5445000000,4.8697500000
617.2275197506,1.2564375000,0.5448750000,4.8699375000
617.3274741173,1.2626250000,0.5454375000,4.8701250000
617.4276378155,1.2690000000,0.5443125000,4.8699375000
617.5274891853,1.2753750000,0.5448750000,4.8701250000
617.6275782585,1.2815625000,0.5448750000,4.8699375000
617.7288651466,1.2875625000,0.5448750000,4.8699375000
617.8277091980,1.2941250000,0.5448750000,4.8699375000
617.9277999401,1.2997500000,0.5454375000,4.8699375000
618.0276741982,1.3059375000,0.5452500000,4.8701250000
618.1277868748,1.3121250000,0.5448750000,4.8701250000
618.2274794579,1.3183125000,0.5443125000,4.8701250000
618.3274219036,1.3239375000,0.5448750000,4.8699375000
618.4274852276,1.3297500000,0.5450625000,4.8699375000
618.5275840759,1.3353750000,0.5452500000,4.8699375000
618.6276128292,1.3411875000,0.5450625000,4.8699375000
618.7274916172,1.3470000000,0.5452500000,4.8699375000
618.8274917603,1.3528125000,0.5446875000,4.8699375000
618.9276041985,1.3584375000,0.5456250000,4.8701250000
619.0275382996,1.3640625000,0.5450625000,4.8701250000
619.1276099682,1.3696875000,0.5452500000,4.8701250000
619.2277655602,1.3753125000,0.5448750000,4.8701250000
619.3274664879,1.3803750000,0.5450625000,4.8701250000
619.4277875423,1.3860000000,0.5448750000,4.8701250000
619.5275073051,1.3914375000,0.5446875000,4.8701250000
619.6274540424,1.3965000000,0.5448750000,4.8680625000
619.7274289131,1.4011875000,0.5450625000,4.8699375000
619.8275625706,1.4066250000,0.5448750000,4.8699375000
619.9274909496,1.4116875000,0.5450625000,4.8701250000
620.0274519920,1.4167500000,0.5448750000,4.8699375000
620.1277046204,1.4221875000,0.5446875000,4.8699375000
620.2274367809,1.4270625000,0.5448750000,4.8699375000
620.3275887966,1.4319375000,0.5448750000,4.8699375000
620.4275729656,1.4366250000,0.5452500000,4.8699375000
620.5274777412,1.4413125000,0.5448750000,4.8699375000
620.6277778149,1.4463750000,0.5450625000,4.8699375000
620.7276067734,1.4508750000,0.5446875000,4.8699375000
620.8275780678,1.4553750000,0.5443125000,4.8699375000
620.9277815819,1.4600625000,0.5446875000,4.8699375000
621.0275590420,1.4645625000,0.5445000000,4.8699375000
621.1277725697,1.4690625000,0.5450625000,4.8699375000
621.2274208069,1.4733750000,0.5450625000,4.8699375000
621.3274669647,1.4778750000,0.5450625000,4.8699375000
621.4274554253,1.4820000000,0.5448750000,4.8699375000
621.5274252892,1.4865000000,0.5450625000,4.8699375000
621.6276524067,1.4908125000,0.5450625000,4.8699375000
621.7274463177,1.4949375000,0.5450625000,4.8699375000
621.8275783062,1.4992500000,0.5445000000,4.8699375000
621.9274418354,1.5030000000,0.5443125000,4.8701250000
622.0276024342,1.5073125000,0.5443125000,4.8701250000
622.1276388168,1.5112500000,0.5448750000,4.8701250000
622.2274334431,1.5151875000,0.5452500000,4.8701250000
622.3275649548,1.5193125000,0.5446875000,4.8701250000
622.4276483059,1.5230625000,0.5450625000,4.8701250000
622.5274384022,1.5268125000,0.5448750000,4.8701250000
622.6274836063,1.5301875000,0.5452500000,4.8695625000
622.7274389267,1.5346875000,0.5448750000,4.8699375000
622.8275313377,1.5380625000,0.5458125000,4.8699375000
622.9276278019,1.5416250000,0.5448750000,4.8701250000
623.0274505615,1.5450000000,0.5452500000,4.8699375000
623.1277611256,1.5489375000,0.5456250000,4.8699375000
623.2275366783,1.5523125000,0.5452500000,4.8699375000
623.3288102150,1.5556875000,0.5446875000,4.8699375000
623.4276838303,1.5590625000,0.5458125000,4.8699375000
623.5275406837,1.5624375000,0.5446875000,4.8699375000
623.6275064945,1.5660000000,0.5452500000,4.8699375000
623.7274472713,1.5693750000,0.5456250000,4.8699375000
623.8275017738,1.5723750000,0.5454375000,4.8699375000
623.9277477264,1.5757500000,0.5452500000,4.8699375000
624.0275366306,1.5789375000,0.5445000000,4.8699375000
624.1276798248,1.5821250000,0.5452500000,4.8699375000
624.2275154591,1.5851250000,0.5454375000,4.8699375000
624.3274197578,1.5883125000,0.5452500000,4.8699375000
624.4275870323,1.5911250000,0.5452500000,4.8699375000
624.5275568962,1.5945000000,0.5452500000,4.8701250000
624.6275222301,1.5973125000,0.5450625000,4.8701250000
624.7276477814,1.6003125000,0.5452500000,4.8701250000
624.8276011944,1.6033125000,0.5452500000,4.8701250000
624.9274601936,1.6061250000,0.5450625000,4.8701250000
625.0274643898,1.6091250000,0.5450625000,4.8701250000
625.1277525425,1.6119375000,0.5452500000,4.8701250000
625.2274882793,1.6149375000,0.5454375000,4.8699375000
625.3274960518,1.6171875000,0.5450625000,4.8699375000
625.4276618958,1.6200000000,0.5454375000,4.8697500000
625.5274775028,1.6228125000,0.5458125000,4.8699375000
625.6274893284,1.6254375000,0.5458125000,4.8699375000
625.7275078297,1.6278750000,0.5446875000,4.8699375000
625.8276243210,1.6305000000,0.5458125000,4.8699375000
625.9276394844,1.6331250000,0.5452500000,4.8699375000
626.0275890827,1.6357500000,0.5454375000,4.8701250000
626.1278119087,1.6381875000,0.5452500000,4.8697500000
626.2277350426,1.6406250000,0.5450625000,4.8699375000
626.3275876045,1.6432500000,0.5458125000,4.8697500000
626.4274744987,1.6455000000,0.5454375000,4.8699375000
626.5274717808,1.6477500000,0.5456250000,4.8699375000
626.6278228760,1.6501875000,0.5452500000,4.8699375000
626.7275538445,1.6524375000,0.5450625000,4.8697500000
626.8277533054,1.6548750000,0.5456250000,4.8701250000
626.9277663231,1.6573125000,0.5450625000,4.8701250000
627.0277023315,1.6595625000,0.5450625000,4.8701250000
627.1277480125,1.6618125000,0.5448750000,4.8701250000
627.2277519703,1.6638750000,0.5454375000,4.8699375000
627.3277668953,1.6663125000,0.5452500000,4.8701250000
627.4275188446,1.6683750000,0.5448750000,4.8701250000
627.5277342796,1.6706250000,0.5456250000,4.8684375000
627.6289649010,1.6723125000,0.5452500000,4.8697500000
627.7276575565,1.6749375000,0.5452500000,4.8699375000
627.8276033401,1.6766250000,0.5446875000,4.8697500000
627.9275932312,1.6786875000,0.5458125000,4.8697500000
628.0274355412,1.6807500000,0.5458125000,4.8697500000
628.1278026104,1.6826250000,0.5458125000,4.8699375000
628.2275547981,1.6852500000,0.5458125000,4.8699375000
628.3276636600,1.6867500000,0.5452500000,4.8697500000
628.4277846813,1.6890000000,0.5456250000,4.8699375000
628.5284013748,1.6906875000,0.5458125000,4.8699375000
628.6277735233,1.6923750000,0.5458125000,4.8699375000
628.7275419235,1.6948125000,0.5452500000,4.8697500000
628.8276147842,1.6963125000,0.5456250000,4.8699375000
628.9275000095,1.6983750000,0.5443125000,4.8699375000
629.0276579857,1.7002500000,0.5458125000,4.8699375000
629.1277410984,1.7017500000,0.5450625000,4.8699375000
629.2275340557,1.7038125000,0.5456250000,4.8699375000
629.3274371624,1.7053125000,0.5454375000,4.8699375000
629.4275493622,1.7073750000,0.5452500000,4.8699375000
629.5274589062,1.7092500000,0.5454375000,4.8701250000
629.6274631023,1.7107500000,0.5454375000,4.8701250000
629.7275912762,1.7124375000,0.5458125000,4.8701250000
629.8275072575,1.7141250000,0.5456250000,4.8699375000
629.9277594090,1.7158125000,0.5454375000,4.8701250000
630.0284357071,1.7173125000,0.5456250000,4.8701250000
630.1276960373,1.7190000000,0.5452500000,4.8701250000
630.2275505066,1.7206875000,0.5456250000,4.8682500000
630.3275146484,1.7223750000,0.5448750000,4.8697500000
630.4274358749,1.7236875000,0.5456250000,4.8697500000
630.5277187824,1.7251875000,0.5448750000,4.8699375000
630.6276569366,1.7268750000,0.5456250000,4.8697500000
630.7275636196,1.7285625000,0.5452500000,4.8699375000
630.8275146484,1.7300625000,0.5450625000,4.8699375000
630.9275486469,1.7313750000,0.5452500000,4.8699375000
631.0275561810,1.7330625000,0.5456250000,4.8699375000
631.1276128292,1.7347500000,0.5450625000,4.8699375000
631.2276055813,1.7366250000,0.5454375000,4.8697500000
631.3274579048,1.7371875000,0.5456250000,4.8699375000
631.4277608395,1.7388750000,0.5456250000,4.8699375000
631.5274324417,1.7401875000,0.5452500000,4.8699375000
631.6274757385,1.7418750000,0.5452500000,4.8699375000
631.7275955677,1.7431875000,0.5452500000,4.8697500000
631.8274970055,1.7445000000,0.5450625000,4.8699375000
631.9286005497,1.7456250000,0.5450625000,4.8699375000
632.0276021957,1.7471250000,0.5450625000,4.8699375000
632.1277768612,1.7484375000,0.5445000000,4.8699375000
632.2276070118,1.7501250000,0.5452500000,4.8699375000
632.3274390697,1.7512500000,0.5454375000,4.8701250000
632.4274592400,1.7525625000,0.5452500000,4.8701250000
632.5275464058,1.7538750000,0.5454375000,4.8701250000
632.6273970604,1.7553750000,0.5448750000,4.8701250000
632.7274327278,1.7565000000,0.5454375000,4.8699375000
632.8274359703,1.7578125000,0.5452500000,4.8701250000
632.9276793003,1.7580000000,0.5446875000,4.8684375000
633.0276823044,1.7600625000,0.5445000000,4.8699375000
633.1277854443,1.7611875000,0.5452500000,4.8697500000
633.2274694443,1.7625000000,0.5456250000,4.8697500000
633.3286621571,1.7638125000,0.5452500000,4.8699375000
633.4274694920,1.7649375000,0.5450625000,4.8699375000
633.5275530815,1.7662500000,0.5452500000,4.8699375000
633.6277763844,1.7671875000,0.5452500000,4.8699375000
633.7274725437,1.7683125000,0.5452500000,4.8699375000
633.8275685310,1.7700000000,0.5454375000,4.8699375000
633.9274845123,1.7709375000,0.5456250000,4.8699375000
634.0275933743,1.7720625000,0.5450625000,4.8699375000
634.1277775764,1.7730000000,0.5452500000,4.8697500000
634.2274467945,1.7741250000,0.5456250000,4.8699375000
634.3274476528,1.7752500000,0.5446875000,4.8699375000
634.4276576042,1.7765625000,0.5458125000,4.8699375000
634.5274877548,1.7773125000,0.5450625000,4.8699375000
634.6275672913,1.7786250000,0.5452500000,4.8699375000
634.7291088104,1.7797500000,0.5452500000,4.8699375000
634.8276100159,1.7805000000,0.5456250000,4.8697500000
634.9274525642,1.7818125000,0.5458125000,4.8699375000
635.0274450779,1.7827500000,0.5448750000,4.8699375000
635.1276593208,1.7838750000,0.5454375000,4.8701250000
635.2274289131,1.7850000000,0.5456250000,4.8701250000
635.3274421692,1.7859375000,0.5452500000,4.8701250000
635.4275434017,1.7868750000,0.5456250000,4.8701250000
635.5274653435,1.7880000000,0.5452500000,4.8699375000
635.6275360584,1.7891250000,0.5454375000,4.8701250000
635.7275300026,1.7900625000,0.5458125000,4.8699375000
635.8275494576,1.7908125000,0.5452500000,4.8699375000
635.9276955128,1.7917500000,0.5458125000,4.8697500000
636.0275695324,1.7926875000,0.5450625000,4.8699375000
636.1290690899,1.7936250000,0.5452500000,4.8699375000
636.2275483608,1.7945625000,0.5460000000,4.8697500000
636.3274610043,1.7956875000,0.5454375000,4.8699375000
636.4274132252,1.7964375000,0.5452500000,4.8699375000
636.5274057388,1.7973750000,0.5450625000,4.8699375000
636.6275038719,1.7981250000,0.5454375000,4.8699375000
636.7275106907,1.7990625000,0.5452500000,4.8699375000
636.8275642395,1.8003750000,0.5450625000,4.8699375000
636.9275689125,1.8009375000,0.5458125000,4.8697500000
637.0274589062,1.8020625000,0.5452500000,4.8697500000
637.1276140213,1.8026250000,0.5450625000,4.8699375000
637.2275230885,1.8037500000,0.5450625000,4.8699375000
637.3275852203,1.8045000000,0.5458125000,4.8699375000
637.4276769161,1.8054375000,0.5450625000,4.8699375000
637.5281159878,1.8061875000,0.5450625000,4.8699375000
637.6276147366,1.8071250000,0.5452500000,4.8701250000
637.7275919914,1.8078750000,0.5456250000,4.8699375000
637.8276216984,1.8088125000,0.5456250000,4.8701250000
637.9276473522,1.8097500000,0.5450625000,4.8701250000
638.0275642872,1.8105000000,0.5452500000,4.8701250000
638.1276669502,1.8114375000,0.5456250000,4.8701250000
638.2275333405,1.8121875000,0.5452500000,4.8693750000
638.3276031017,1.8131250000,0.5456250000,4.8697500000
638.4277119637,1.8138750000,0.5454375000,4.8699375000
638.5282356739,1.8144375000,0.5450625000,4.8699375000
638.6277179718,1.8153750000,0.5454375000,4.8699375000
638.7277748585,1.8159375000,0.5450625000,4.8697500000
638.8275737762,1.8168750000,0.5450625000,4.8699375000
638.9278113842,1.8180000000,0.5454375000,4.8699375000
639.0276813507,1.8185625000,0.5448750000,4.8699375000
639.1277441978,1.8195000000,0.5445000000,4.8699375000
639.2276525497,1.8196875000,0.5450625000,4.8699375000
639.3275392056,1.8206250000,0.5450625000,4.8699375000
639.4275004864,1.8213750000,0.5448750000,4.8699375000
639.5274858475,1.8221250000,0.5448750000,4.8699375000
639.6275944710,1.8226875000,0.5448750000,4.8699375000
639.7275567055,1.8236250000,0.5443125000,4.8699375000
639.8276722431,1.8243750000,0.5452500000,4.8699375000
639.9276061058,1.8251250000,0.5454375000,4.8699375000
640.0275466442,1.8258750000,0.5448750000,4.8697500000
640.1277933121,1.8264375000,0.5452500000,4.8697500000
640.2275762558,1.8271875000,0.5456250000,4.8701250000
640.3275270462,1.8279375000,0.5454375000,4.8699375000
640.4291348457,1.8286875000,0.5450625000,4.8701250000
640.5277431011,1.8292500000,0.5452500000,4.8701250000
640.6276075840,1.8300000000,0.5446875000,4.8701250000
640.7275469303,1.8307500000,0.5456250000,4.8701250000
640.8274672031,1.8313125000,0.5452500000,4.8699375000
640.9275894165,1.8313125000,0.5450625000,4.8691875000
641.0274519920,1.8555000000,0.5437500000,4.8847500000
641.1276369095,1.8395625000,0.5439375000,4.8766875000
641.2275345325,1.8403125000,0.5441250000,4.8783750000
641.3274788857,1.8444375000,0.5450625000,4.8810000000
641.4274563789,1.8455625000,0.5448750000,4.8808125000
641.5274686813,1.8466875000,0.5443125000,4.8823125000
641.6274600029,1.8521250000,0.5443125000,4.8860625000
641.7275631428,1.8412500000,0.5448750000,4.8731250000
641.8281009197,1.8416250000,0.5450625000,4.8731250000
641.9277803898,1.8421875000,0.5450625000,4.8731250000
642.0275838375,1.8429375000,0.5448750000,4.8731250000
642.1277215481,1.8433125000,0.5456250000,4.8733125000
642.2275838852,1.8436875000,0.5448750000,4.8731250000
642.3274586201,1.8446250000,0.5452500000,4.8731250000
642.4274733067,1.8448125000,0.5448750000,4.8731250000
642.5276854038,1.8455625000,0.5445000000,4.8731250000
642.6275153160,1.8459375000,0.5454375000,4.8731250000
642.7274501324,1.8463125000,0.5452500000,4.8731250000
642.8276159763,1.8470625000,0.5452500000,4.8731250000
642.9283959866,1.8478125000,0.5448750000,4.8731250000
643.0274381638,1.8480000000,0.5446875000,4.8731250000
643.1276564598,1.8487500000,0.5450625000,4.8733125000
643.2281157970,1.8493125000,0.5445000000,4.8733125000
643.3276629448,1.8498750000,0.5452500000,4.8733125000
643.4277758598,1.8504375000,0.5452500000,4.8733125000
643.5275123119,1.8508125000,0.5448750000,4.8733125000
643.6274652481,1.8515625000,0.5443125000,4.8733125000
643.7276589870,1.8521250000,0.5448750000,4.8733125000
643.8274424076,1.8525000000,0.5448750000,4.8727500000
643.9274828434,1.8528750000,0.5443125000,4.8731250000
644.0274195671,1.8536250000,0.5448750000,4.8731250000
644.1277170181,1.8540000000,0.5454375000,4.8731250000
644.2275164127,1.8543750000,0.5446875000,4.8731250000
644.3274590969,1.8549375000,0.5456250000,4.8731250000
644.4274835587,1.8555000000,0.5446875000,4.8729375000
644.5274922848,1.8558750000,0.5439375000,4.8729375000
644.6287615299,1.8564375000,0.5454375000,4.8731250000
644.7275986671,1.8570000000,0.5452500000,4.8731250000
644.8274352551,1.8571875000,0.5452500000,4.8731250000
644.9276747704,1.8581250000,0.5452500000,4.8731250000
645.0275766850,1.8581250000,0.5448750000,4.8731250000
645.1277792454,1.8588750000,0.5458125000,4.8731250000
645.2274141312,1.8590625000,0.5454375000,4.8731250000
645.3274374008,1.8598125000,0.5445000000,4.8731250000
645.4274508953,1.8601875000,0.5454375000,4.8733125000
645.5275962353,1.8607500000,0.5443125000,4.8733125000
645.6275367737,1.8611250000,0.5452500000,4.8733125000
645.7274913788,1.8615000000,0.5454375000,4.8733125000
645.8276002407,1.8618750000,0.5445000000,4.8733125000
645.9274992943,1.8620625000,0.5448750000,4.8733125000
646.0284395218,1.8626250000,0.5456250000,4.8733125000
646.1276242733,1.8626250000,0.5452500000,4.8723750000
646.2274389267,1.8633750000,0.5445000000,4.8731250000
646.3276305199,1.8635625000,0.5448750000,4.8733125000
646.4279384613,1.8637500000,0.5454375000,4.8731250000
646.5276803970,1.8639375000,0.5454375000,4.8731250000
646.6276135445,1.8645000000,0.5456250000,4.8731250000
646.7274496555,1.8646875000,0.5452500000,4.8731250000
646.8275077343,1.8652500000,0.5445000000,4.8731250000
646.9275875092,1.8650625000,0.5452500000,4.8731250000
647.0275375843,1.8652500000,0.5456250000,4.8731250000
647.1275837421,1.8654375000,0.5448750000,4.8733125000
647.2274870872,1.8654375000,0.5448750000,4.8731250000
647.3275394440,1.8658125000,0.5454375000,4.8731250000
647.4286615849,1.8658125000,0.5448750000,4.8731250000
647.5276079178,1.8658125000,0.5443125000,4.8733125000
647.6276235580,1.8661875000,0.5446875000,4.8731250000
647.7274317741,1.8661875000,0.5448750000,4.8731250000
647.8275430202,1.8661875000,0.5446875000,4.8731250000
647.9279868603,1.8660000000,0.5448750000,4.8731250000
648.0275735855,1.8661875000,0.5452500000,4.8735000000
648.1276543140,1.8661875000,0.5450625000,4.8733125000
648.2274842262,1.8660000000,0.5450625000,4.8733125000
648.3274421692,1.8661875000,0.5448750000,4.8733125000
648.4274823666,1.8660000000,0.5445000000,4.8733125000
648.5274782181,1.8658125000,0.5452500000,4.8733125000
648.6276252270,1.8660000000,0.5446875000,4.8733125000
648.7275125980,1.8656250000,0.5452500000,4.8714375000
648.8289768696,1.8650625000,0.5448750000,4.8731250000
648.9275476933,1.8650625000,0.5452500000,4.8731250000
649.0275495052,1.8648750000,0.5450625000,4.8731250000
649.1277096272,1.8646875000,0.5448750000,4.8731250000
649.2274279594,1.8646875000,0.5445000000,4.8731250000
649.3274464607,1.8643125000,0.5443125000,4.8731250000
649.4278843403,1.8637500000,0.5450625000,4.8731250000
649.5276367664,1.8635625000,0.5452500000,4.8731250000
649.6274783611,1.8633750000,0.5456250000,4.8729375000
649.7274711132,1.8630000000,0.5448750000,4.8731250000
649.8277804852,1.8626250000,0.5452500000,4.8731250000
649.9276001453,1.8620625000,0.5450625000,4.8731250000
650.0274920464,1.8615000000,0.5450625000,4.8731250000
650.1277213097,1.8613125000,0.5448750000,4.8731250000
650.2278077602,1.8607500000,0.5446875000,4.8731250000
650.3276329041,1.8605625000,0.5443125000,4.8731250000
650.4274699688,1.8600000000,0.5452500000,4.8731250000
650.5276112556,1.8592500000,0.5448750000,4.8731250000
650.6275272369,1.8588750000,0.5454375000,4.8731250000
650.7275559902,1.8583125000,0.5448750000,4.8733125000
650.8276371956,1.8577500000,0.5452500000,4.8733125000
650.9277360439,1.8570000000,0.5448750000,4.8733125000
651.0276856422,1.8566250000,0.5443125000,4.8733125000
651.1276736259,1.8560625000,0.5448750000,4.8733125000
651.2275969982,1.8553125000,0.5452500000,4.8733125000
651.3274989128,1.8545625000,0.5450625000,4.8733125000
651.4274842739,1.8532500000,0.5450625000,4.8727500000
651.5276119709,1.8534375000,0.5446875000,4.8731250000
651.6280555725,1.8523125000,0.5446875000,4.8731250000
651.7277500629,1.8517500000,0.5445000000,4.8731250000
651.8276269436,1.8508125000,0.5448750000,4.8731250000
651.9274551868,1.8500625000,0.5452500000,4.8731250000
652.0276045799,1.8491250000,0.5443125000,4.8733125000
652.1277456284,1.8487500000,0.5443125000,4.8731250000
652.2275958061,1.8474375000,0.5454375000,4.8731250000
652.3275165558,1.8468750000,0.5446875000,4.8731250000
652.4277110100,1.8459375000,0.5450625000,4.8731250000
652.5276215076,1.8451875000,0.5445000000,4.8731250000
652.6276171207,1.8440625000,0.5443125000,4.8731250000
652.7275459766,1.8431250000,0.5452500000,4.8731250000
652.8276438713,1.8421875000,0.5456250000,4.8733125000
652.9276802540,1.8416250000,0.5452500000,4.8733125000
653.0274307728,1.8405000000,0.5450625000,4.8731250000
653.1291911602,1.8395625000,0.5452500000,4.8731250000
653.2276384830,1.8384375000,0.5450625000,4.8731250000
653.3274552822,1.8371250000,0.5446875000,4.8731250000
653.4274158478,1.8365625000,0.5450625000,4.8731250000
653.5274515152,1.8354375000,0.5446875000,4.8731250000
653.6274793148,1.8345000000,0.5456250000,4.8733125000
653.7275471687,1.8335625000,0.5445000000,4.8733125000
653.8274526596,1.8322500000,0.5448750000,4.8733125000
653.9278879166,1.8313125000,0.5446875000,4.8733125000
654.0275623798,1.8303750000,0.5446875000,4.8733125000
654.1276924610,1.8292500000,0.5448750000,4.8733125000
654.2275681496,1.8279375000,0.5452500000,4.8733125000
654.3275024891,1.8268125000,0.5443125000,4.8723750000
654.4274427891,1.8255000000,0.5452500000,4.8731250000
654.5279672146,1.8247500000,0.5450625000,4.8731250000
654.6275968552,1.8230625000,0.5452500000,4.8729375000
654.7276091576,1.8221250000,0.5443125000,4.8729375000
654.8275175095,1.8211875000,0.5448750000,4.8731250000
654.9274771214,1.8195000000,0.5452500000,4.8731250000
655.0275664330,1.8185625000,0.5446875000,4.8729375000
655.1277716160,1.8174375000,0.5448750000,4.8731250000
655.2274391651,1.8161250000,0.5456250000,4.8731250000
655.3275005817,1.8150000000,0.5456250000,4.8733125000
655.4278581142,1.8135000000,0.5448750000,4.8731250000
655.5276055336,1.8123750000,0.5443125000,4.8731250000
655.6275863647,1.8108750000,0.5441250000,4.8731250000
655.7283272743,1.8097500000,0.5446875000,4.8731250000
655.8276536465,1.8090000000,0.5450625000,4.8733125000
655.9286019802,1.8073125000,0.5448750000,4.8731250000
656.0275788307,1.8061875000,0.5445000000,4.8731250000
656.1276171207,1.8048750000,0.5448750000,4.8731250000
656.2275471687,1.8033750000,0.5448750000,4.8731250000
656.3274405003,1.8020625000,0.5448750000,4.8729375000
656.4275212288,1.8007500000,0.5448750000,4.8731250000
656.5275645256,1.7990625000,0.5452500000,4.8731250000
656.6274735928,1.7981250000,0.5448750000,4.8733125000
656.7275066376,1.7966250000,0.5452500000,4.8733125000
656.8275020123,1.7953125000,0.5456250000,4.8733125000
656.9277672768,1.7941875000,0.5446875000,4.8733125000
657.0276291370,1.7926875000,0.5452500000,4.8733125000
657.1277530193,1.7911875000,0.5445000000,4.8733125000
657.2276048660,1.7898750000,0.5450625000,4.8733125000
657.3280041218,1.7876250000,0.5441250000,4.8725625000
657.4275968075,1.7868750000,0.5446875000,4.8729375000
657.5274682045,1.7853750000,0.5452500000,4.8733125000
657.6275274754,1.7838750000,0.5452500000,4.8731250000
657.7274694443,1.7825625000,0.5448750000,4.8731250000
657.8275585175,1.7810625000,0.5450625000,4.8733125000
657.9274563789,1.7799375000,0.5454375000,4.8731250000
658.0275282860,1.7782500000,0.5450625000,4.8731250000
658.1276473999,1.7769375000,0.5448750000,4.8731250000
658.2274861336,1.7754375000,0.5452500000,4.8733125000
658.3275995255,1.7739375000,0.5446875000,4.8731250000
658.4277980328,1.7726250000,0.5454375000,4.8731250000
658.5276718140,1.7709375000,0.5445000000,4.8733125000
658.6274695396,1.7696250000,0.5454375000,4.8731250000
658.7290201187,1.7679375000,0.5452500000,4.8731250000
658.8277254105,1.7668125000,0.5446875000,4.8731250000
658.9275979996,1.7651250000,0.5450625000,4.8731250000
659.0275754929,1.7638125000,0.5448750000,4.8731250000
659.1275954247,1.7619375000,0.5456250000,4.8731250000
659.2274231911,1.7604375000,0.5452500000,4.8731250000
659.3274595737,1.7589375000,0.5460000000,4.8731250000
659.4274077415,1.7576250000,0.5454375000,4.8733125000
659.5275642872,1.7561250000,0.5445000000,4.8733125000
659.6275601387,1.7544375000,0.5458125000,4.8733125000
659.7275764942,1.7531250000,0.5454375000,4.8733125000
659.8274486065,1.7516250000,0.5450625000,4.8733125000
659.9277265072,1.7499375000,0.5452500000,4.8733125000
660.0276141167,1.7484375000,0.5450625000,4.8733125000
660.1288182735,1.7463750000,0.5454375000,4.8725625000
660.2277131081,1.7450625000,0.5456250000,4.8731250000
660.3275649548,1.7437500000,0.5450625000,4.8731250000
660.4274210930,1.7424375000,0.5450625000,4.8731250000
660.5275578499,1.7409375000,0.5456250000,4.8731250000
660.6274445057,1.7388750000,0.5456250000,4.8731250000
660.7274696827,1.7373750000,0.5454375000,4.8731250000
660.8275871277,1.7356875000,0.5450625000,4.8731250000
660.9275884628,1.7341875000,0.5454375000,4.8731250000
661.0274574757,1.7326875000,0.5452500000,4.8731250000
661.1276485920,1.7313750000,0.5452500000,4.8731250000
661.2274215221,1.7295000000,0.5454375000,4.8729375000
661.3275644779,1.7280000000,0.5454375000,4.8731250000
661.4279286861,1.7263125000,0.5452500000,4.8731250000
661.5276167393,1.7246250000,0.5446875000,4.8731250000
661.6276082993,1.7231250000,0.5446875000,4.8731250000
661.7275702953,1.7218125000,0.5448750000,4.8731250000
661.8274979591,1.7199375000,0.5450625000,4.8731250000
661.9274926186,1.7184375000,0.5452500000,4.8731250000
662.0275640488,1.7167500000,0.5452500000,4.8731250000
662.1278476715,1.7148750000,0.5445000000,4.8731250000
662.2274823189,1.7137500000,0.5446875000,4.8731250000
662.3276119232,1.7120625000,0.5446875000,4.8733125000
662.4274504185,1.7103750000,0.5443125000,4.8733125000
662.5274558067,1.7090625000,0.5448750000,4.8733125000
662.6274473667,1.7075625000,0.5443125000,4.8733125000
662.7275450230,1.7056875000,0.5456250000,4.8733125000
662.8275518417,1.7041875000,0.5445000000,4.8733125000
662.9283604622,1.7025000000,0.5448750000,4.8733125000
663.0278944969,1.7008125000,0.5448750000,4.8731250000
663.1278295517,1.6995000000,0.5443125000,4.8731250000
663.2275934219,1.6976250000,0.5454375000,4.8731250000
663.3276574612,1.6955625000,0.5450625000,4.8731250000
663.4275488853,1.6940625000,0.5448750000,4.8731250000
663.5275294781,1.6927500000,0.5443125000,4.8733125000
663.6274473667,1.6910625000,0.5446875000,4.8733125000
663.7275211811,1.6893750000,0.5454375000,4.8733125000
663.8274967670,1.6876875000,0.5452500000,4.8731250000
663.9275591373,1.6860000000,0.5450625000,4.8731250000
664.0274822712,1.6846875000,0.5452500000,4.8731250000
664.1277446747,1.6831875000,0.5448750000,4.8731250000
664.2276117802,1.6815000000,0.5446875000,4.8731250000
664.3280284405,1.6796250000,0.5443125000,4.8731250000
664.4281966686,1.6781250000,0.5450625000,4.8731250000
664.5275290012,1.6766250000,0.5446875000,4.8733125000
664.6274578571,1.6753125000,0.5441250000,4.8733125000
664.7275733948,1.6736250000,0.5450625000,4.8733125000
664.8274521828,1.6717500000,0.5441250000,4.8733125000
664.9276173115,1.6698750000,0.5446875000,4.8733125000
665.0276243687,1.6683750000,0.5452500000,4.8733125000
665.1277654171,1.6668750000,0.5446875000,4.8733125000
665.2275943756,1.6650000000,0.5443125000,4.8733125000
665.3276534081,1.6635000000,0.5446875000,4.8733125000
665.4275579453,1.6620000000,0.5448750000,4.8733125000
665.5276317596,1.6601250000,0.5441250000,4.8716250000
665.6275742054,1.6582500000,0.5448750000,4.8731250000
665.7275629044,1.6567500000,0.5439375000,4.8731250000
665.8287034035,1.6550625000,0.5446875000,4.8733125000
665.9279730320,1.6535625000,0.5448750000,4.8731250000
666.0276870728,1.6518750000,0.5452500000,4.8731250000
666.1276264191,1.6500000000,0.5445000000,4.8731250000
666.2274367809,1.6486875000,0.5446875000,4.8731250000
666.3276331425,1.6470000000,0.5448750000,4.8731250000
666.4274218082,1.6453125000,0.5443125000,4.8733125000
666.5275483131,1.6436250000,0.5450625000,4.8731250000
666.6274759769,1.6423125000,0.5450625000,4.8731250000
666.7275700569,1.6408125000,0.5443125000,4.8731250000
666.8276362419,1.6391250000,0.5452500000,4.8731250000
666.9275608063,1.6372500000,0.5445000000,4.8731250000
667.0274150372,1.6355625000,0.5454375000,4.8733125000
667.1277346611,1.6340625000,0.5443125000,4.8731250000
667.2274105549,1.6323750000,0.5448750000,4.8733125000
667.3277766705,1.6310625000,0.5450625000,4.8731250000
667.4277791977,1.6290000000,0.5448750000,4.8733125000
667.5275106430,1.6276875000,0.5448750000,4.8733125000
667.6275749207,1.6260000000,0.5452500000,4.8733125000
667.7275412083,1.6243125000,0.5448750000,4.8733125000
667.8275718689,1.6226250000,0.5448750000,4.8733125000
667.9276237488,1.6211250000,0.5446875000,4.8733125000
668.0274646282,1.6194375000,0.5448750000,4.8733125000
668.1277697086,1.6179375000,0.5448750000,4.8733125000
668.2276127338,1.6158750000,0.5443125000,4.8718125000
668.3274912834,1.6147500000,0.5446875000,4.8733125000
668.4275090694,1.6130625000,0.5454375000,4.8731250000
668.5274703503,1.6115625000,0.5448750000,4.8733125000
668.6283977032,1.6098750000,0.5458125000,4.8731250000
668.7275996208,1.6081875000,0.5456250000,4.8733125000
668.8274459839,1.6065000000,0.5443125000,4.8731250000
668.9279017448,1.6046250000,0.5446875000,4.8731250000
669.0275499821,1.6033125000,0.5448750000,4.8731250000
669.1276273727,1.6016250000,0.5446875000,4.8731250000
669.2274615765,1.5999375000,0.5448750000,4.8731250000
669.3275783062,1.5982500000,0.5445000000,4.8733125000
669.4276235104,1.5967500000,0.5445000000,4.8731250000
669.5276012421,1.5952500000,0.5450625000,4.8731250000
669.6274669170,1.5933750000,0.5443125000,4.8733125000
669.7275648117,1.5918750000,0.5446875000,4.8731250000
669.8276498318,1.5905625000,0.5450625000,4.8733125000
669.9275212288,1.5886875000,0.5448750000,4.8733125000
670.0276606083,1.5871875000,0.5454375000,4.8731250000
670.1276824474,1.5853125000,0.5452500000,4.8731250000
670.2275238037,1.5840000000,0.5450625000,4.8733125000
670.3276073933,1.5823125000,0.5446875000,4.8733125000
670.4278478622,1.5808125000,0.5446875000,4.8733125000
670.5275144577,1.5791250000,0.5452500000,4.8733125000
670.6274647713,1.5776250000,0.5450625000,4.8733125000
670.7274861336,1.5759375000,0.5448750000,4.8733125000
670.8275032043,1.5744375000,0.5446875000,4.8733125000
670.9274840355,1.5723750000,0.5445000000,4.8718125000
671.0274312496,1.5710625000,0.5446875000,4.8731250000
671.1276290417,1.5691875000,0.5448750000,4.8731250000
671.2275788784,1.5678750000,0.5448750000,4.8731250000
671.3276119232,1.5663750000,0.5456250000,4.8731250000
671.4275729656,1.5648750000,0.5448750000,4.8731250000
671.5278060436,1.5631875000,0.5450625000,4.8733125000
671.6274278164,1.5615000000,0.5445000000,4.8731250000
671.7274763584,1.5600000000,0.5450625000,4.8733125000
671.8275942802,1.5586875000,0.5443125000,4.8733125000
671.9279775620,1.5570000000,0.5448750000,4.8733125000
672.0275835991,1.5553125000,0.5452500000,4.8731250000
672.1277797222,1.5538125000,0.5450625000,4.8731250000
672.2274327278,1.5521250000,0.5450625000,4.8731250000
672.3274443150,1.5506250000,0.5452500000,4.8731250000
672.4275684357,1.5489375000,0.5446875000,4.8733125000
672.5274822712,1.5474375000,0.5452500000,4.8733125000
672.6274766922,1.5457500000,0.5452500000,4.8731250000
672.7274372578,1.5446250000,0.5456250000,4.8731250000
672.8279027939,1.5427500000,0.5448750000,4.8731250000
672.9277610779,1.5408750000,0.5452500000,4.8733125000
673.0274214745,1.5397500000,0.5452500000,4.8731250000
673.1278431416,1.5378750000,0.5454375000,4.8733125000
673.2276039124,1.5365625000,0.5456250000,4.8733125000
673.3275008202,1.5348750000,0.5445000000,4.8733125000
673.4278237820,1.5335625000,0.5450625000,4.8733125000
673.5275146961,1.5318750000,0.5450625000,4.8733125000
673.6275088787,1.5303750000,0.5448750000,4.8733125000
673.7275383472,1.5288750000,0.5443125000,4.8733125000
673.8274483681,1.5271875000,0.5450625000,4.8716250000
673.9276182652,1.5256875000,0.5454375000,4.8733125000
674.0275511742,1.5240000000,0.5446875000,4.8731250000
674.1277396679,1.5226875000,0.5448750000,4.8731250000
674.2274069786,1.5210000000,0.5450625000,4.8731250000
674.3275938034,1.5195000000,0.5450625000,4.8731250000
674.4274446964,1.5180000000,0.5456250000,4.8731250000
674.5274434090,1.5163125000,0.5450625000,4.8731250000
674.6276497841,1.5148125000,0.5445000000,4.8731250000
674.7275512218,1.5133125000,0.5445000000,4.8731250000
674.8275024891,1.5118125000,0.5452500000,4.8733125000
674.9278090000,1.5103125000,0.5452500000,4.8731250000
675.0275621414,1.5088125000,0.5450625000,4.8733125000
675.1276745796,1.5071250000,0.5452500000,4.8731250000
675.2275724411,1.5058125000,0.5446875000,4.8731250000
675.3274605274,1.5046875000,0.5448750000,4.8731250000
675.4275476933,1.5030000000,0.5445000000,4.8733125000
675.5274600983,1.5013125000,0.5450625000,4.8731250000
675.6282029152,1.4998125000,0.5450625000,4.8731250000
675.7276265621,1.4983125000,0.5448750000,4.8733125000
675.8274855614,1.4964375000,0.5450625000,4.8731250000
675.9277255535,1.4951250000,0.5450625000,4.8731250000
676.0275156498,1.4936250000,0.5450625000,4.8733125000
676.1276497841,1.4921250000,0.5448750000,4.8733125000
676.2274794579,1.4904375000,0.5448750000,4.8733125000
676.3276190758,1.4891250000,0.5443125000,4.8731250000
676.4281287193,1.4876250000,0.5446875000,4.8733125000
676.5276830196,1.4863125000,0.5445000000,4.8733125000
676.6276178360,1.4850000000,0.5445000000,4.8733125000
676.7276561260,1.4833125000,0.5450625000,4.8733125000
676.8275432587,1.4818125000,0.5446875000,4.8733125000
676.9275846481,1.4803125000,0.5443125000,4.8733125000
677.0275564194,1.4788125000,0.5441250000,4.8733125000
677.1276559830,1.4773125000,0.5446875000,4.8731250000
677.2275269032,1.4758125000,0.5448750000,4.8733125000
677.3276166916,1.4745000000,0.5443125000,4.8733125000
677.4276366234,1.4728125000,0.5439375000,4.8731250000
677.5276126862,1.4715000000,0.5443125000,4.8731250000
677.6276335716,1.4698125000,0.5448750000,4.8733125000
677.7276613712,1.4686875000,0.5446875000,4.8731250000
677.8276438713,1.4670000000,0.5443125000,4.8731250000
677.9279508591,1.4651250000,0.5456250000,4.8731250000
678.0277597904,1.4641875000,0.5441250000,4.8733125000
678.1279296875,1.4626875000,0.5445000000,4.8731250000
678.2276511192,1.4611875000,0.5452500000,4.8731250000
678.3275926113,1.4596875000,0.5448750000,4.8731250000
678.4276201725,1.4581875000,0.5446875000,4.8731250000
678.5275866985,1.4568750000,0.5446875000,4.8731250000
678.6276116371,1.4553750000,0.5452500000,4.8733125000
678.7275846004,1.4538750000,0.5445000000,4.8733125000
678.8275370598,1.4523750000,0.5445000000,4.8731250000
678.9275743961,1.4506875000,0.5448750000,4.8731250000
679.0275175571,1.4495625000,0.5448750000,4.8733125000
679.1277394295,1.4482500000,0.5448750000,4.8733125000
679.2275986671,1.4467500000,0.5448750000,4.8733125000
679.3277294636,1.4452500000,0.5446875000,4.8733125000
679.4277577400,1.4439375000,0.5445000000,4.8733125000
679.5275256634,1.4426250000,0.5452500000,4.8733125000
679.6275944710,1.4409375000,0.5443125000,4.8733125000
679.7275757790,1.4396250000,0.5443125000,4.8733125000
679.8274643421,1.4381250000,0.5443125000,4.8733125000
679.9275007248,1.4360625000,0.5452500000,4.8718125000
680.0276505947,1.4351250000,0.5446875000,4.8731250000
680.1276156902,1.4340000000,0.5445000000,4.8733125000
680.2274482250,1.4323125000,0.5446875000,4.8733125000
680.3274972439,1.4311875000,0.5446875000,4.8731250000
680.4274551868,1.4295000000,0.5445000000,4.8731250000
680.5275950432,1.4283750000,0.5448750000,4.8733125000
680.6277644634,1.4268750000,0.5448750000,4.8731250000
680.7276129723,1.4251875000,0.5454375000,4.8731250000
680.8276040554,1.4240625000,0.5446875000,4.8731250000
680.9277570248,1.4225625000,0.5450625000,4.8731250000
681.0277206898,1.4212500000,0.5445000000,4.8731250000
681.1276268959,1.4197500000,0.5448750000,4.8731250000
681.2274427414,1.4184375000,0.5446875000,4.8733125000
681.3274321556,1.4173125000,0.5446875000,4.8731250000
681.4277629852,1.4156250000,0.5445000000,4.8731250000
681.5283627510,1.4143125000,0.5445000000,4.8731250000
681.6276202202,1.4128125000,0.5448750000,4.8733125000
681.7275030613,1.4116875000,0.5443125000,4.8731250000
681.8275668621,1.4103750000,0.5443125000,4.8731250000
681.9275090694,1.4088750000,0.5439375000,4.8731250000
682.0275692940,1.4071875000,0.5443125000,4.8731250000
682.1276228428,1.4058750000,0.5445000000,4.8731250000
682.2274274826,1.4045625000,0.5446875000,4.8731250000
682.3275847435,1.4032500000,0.5446875000,4.8733125000
682.4277896881,1.4019375000,0.5443125000,4.8733125000
682.5275273323,1.4006250000,0.5439375000,4.8733125000
682.6275765896,1.3991250000,0.5443125000,4.8733125000
682.7274413109,1.3980000000,0.5439375000,4.8733125000
682.8277275562,1.3965000000,0.5446875000,4.8733125000
682.9275887012,1.3951875000,0.5450625000,4.8733125000
683.0274674892,1.3938750000,0.5450625000,4.8733125000
683.1278445721,1.3916250000,0.5443125000,4.8731250000
683.2276430130,1.3910625000,0.5446875000,4.8733125000
683.3274652958,1.3895625000,0.5443125000,4.8731250000
683.4274995327,1.3882500000,0.5439375000,4.8733125000
683.5274817944,1.3867500000,0.5445000000,4.8733125000
683.6275141239,1.3858125000,0.5450625000,4.8731250000
683.7275261879,1.3843125000,0.5446875000,4.8731250000
683.8275079727,1.3830000000,0.5446875000,4.8731250000
683.9277606010,1.3815000000,0.5445000000,4.8733125000
684.0277016163,1.3803750000,0.5448750000,4.8731250000
684.1276514530,1.3790625000,0.5446875000,4.8731250000
684.2277667522,1.3777500000,0.5446875000,4.8733125000
684.3275470734,1.3762500000,0.5446875000,4.8731250000
684.4274330139,1.3751250000,0.5443125000,4.8733125000
684.5274202824,1.3740000000,0.5443125000,4.8733125000
684.6274187565,1.3723125000,0.5452500000,4.8733125000
684.7274782658,1.3710000000,0.5448750000,4.8733125000
684.8274548054,1.3698750000,0.5445000000,4.8731250000
684.9274489880,1.3683750000,0.5446875000,4.8733125000
685.0274691582,1.3672500000,0.5446875000,4.8731250000
685.1277234554,1.3659375000,0.5443125000,4.8731250000
685.2274081707,1.3646250000,0.5450625000,4.8733125000
685.3276708126,1.3631250000,0.5448750000,4.8733125000
685.4278018475,1.3620000000,0.5445000000,4.8733125000
685.5276002884,1.3608750000,0.5443125000,4.8733125000
685.6277267933,1.3595625000,0.5446875000,4.8733125000
685.7275621891,1.3582500000,0.5443125000,4.8733125000
685.8275392056,1.3569375000,0.5445000000,4.8733125000
685.9276208878,1.3554375000,0.5446875000,4.8716250000
686.0274434090,1.3545000000,0.5450625000,4.8733125000
686.1277377605,1.3530000000,0.5439375000,4.8731250000
686.2274794579,1.3516875000,0.5452500000,4.8731250000
686.3275654316,1.3503750000,0.5441250000,4.8731250000
686.4274413586,1.3490625000,0.5446875000,4.8731250000
686.5274486542,1.3477500000,0.5439375000,4.8733125000
686.6278080940,1.3464375000,0.5446875000,4.8731250000
686.7277195454,1.3449375000,0.5443125000,4.8733125000
686.8276400566,1.3438125000,0.5448750000,4.8731250000
686.9277107716,1.3428750000,0.5443125000,4.8733125000
687.0276899338,1.3413750000,0.5439375000,4.8733125000
687.1277852058,1.3400625000,0.5448750000,4.8731250000
687.2275021076,1.3389375000,0.5446875000,4.8731250000
687.3277118206,1.3374375000,0.5441250000,4.8733125000
687.4275217056,1.3365000000,0.5443125000,4.8731250000
687.5276987553,1.3353750000,0.5448750000,4.8733125000
687.6275632381,1.3338750000,0.5441250000,4.8733125000
687.7275061607,1.3327500000,0.5445000000,4.8731250000
687.8276684284,1.3314375000,0.5446875000,4.8733125000
687.9274682999,1.3303125000,0.5445000000,4.8733125000
688.0274593830,1.3290000000,0.5450625000,4.8733125000
688.1279683113,1.3278750000,0.5445000000,4.8733125000
688.2275609970,1.3265625000,0.5443125000,4.8733125000
688.3277063370,1.3252500000,0.5443125000,4.8733125000
688.4278481007,1.3241250000,0.5443125000,4.8733125000
688.5284330845,1.3228125000,0.5443125000,4.8733125000
688.6277675629,1.3211250000,0.5446875000,4.8727500000
688.7276525497,1.3203750000,0.5439375000,4.8731250000
688.8274598122,1.3192500000,0.5445000000,4.8733125000
688.9274935722,1.3179375000,0.5443125000,4.8733125000
689.0275022984,1.3168125000,0.5445000000,4.8731250000
689.1277408600,1.3155000000,0.5439375000,4.8731250000
689.2341191769,1.3140000000,0.5450625000,4.8731250000
689.3277390003,1.3126875000,0.5439375000,4.8731250000
689.4276330471,1.3119375000,0.5445000000,4.8733125000
689.5275268555,1.3106250000,0.5445000000,4.8731250000
689.6276712418,1.3095000000,0.5446875000,4.8733125000
689.7276017666,1.3081875000,0.5439375000,4.8731250000
689.8279922009,1.3072500000,0.5445000000,4.8731250000
689.9278883934,1.3055625000,0.5445000000,4.8731250000
690.0277905464,1.3046250000,0.5441250000,4.8731250000
690.1277239323,1.3031250000,0.5448750000,4.8731250000
690.2275910378,1.3023750000,0.5448750000,4.8731250000
690.3275957108,1.3008750000,0.5439375000,4.8731250000
690.4275305271,1.2997500000,0.5443125000,4.8733125000
690.5276074409,1.2986250000,0.5439375000,4.8731250000
690.6276414394,1.2973125000,0.5445000000,4.8733125000
690.7276091576,1.2963750000,0.5446875000,4.8733125000
690.8276450634,1.2948750000,0.5445000000,4.8733125000
690.9275302887,1.2939375000,0.5443125000,4.8733125000
691.0275824070,1.2928125000,0.5439375000,4.8733125000
691.1276774406,1.2916875000,0.5446875000,4.8733125000
691.2277479172,1.2903750000,0.5439375000,4.8733125000
691.3277325630,1.2892500000,0.5441250000,4.8725625000
691.4276833534,1.2881250000,0.5443125000,4.8729375000
691.5276687145,1.2866250000,0.5443125000,4.8731250000
691.6275751591,1.2856875000,0.5439375000,4.8733125000
691.7274193764,1.2847500000,0.5443125000,4.8731250000
691.8274531364,1.2834375000,0.5437500000,4.8733125000
691.9276084900,1.2823125000,0.5443125000,4.8731250000
692.0274600983,1.2811875000,0.5443125000,4.8733125000
692.1276953220,1.2800625000,0.5446875000,4.8731250000
692.2275323868,1.2787500000,0.5443125000,4.8733125000
692.3276410103,1.2776250000,0.5446875000,4.8731250000
692.4275872707,1.2765000000,0.5445000000,4.8733125000
692.5275571346,1.2755625000,0.5448750000,4.8731250000
692.6274697781,1.2740625000,0.5445000000,4.8733125000
692.7277524471,1.2731250000,0.5439375000,4.8731250000
692.8276159763,1.2718125000,0.5445000000,4.8731250000
692.9279203415,1.2708750000,0.5443125000,4.8731250000
693.0276002884,1.2697500000,0.5441250000,4.8731250000
693.1278798580,1.2688125000,0.5446875000,4.8733125000
693.2276341915,1.2673125000,0.5445000000,4.8736875000
693.3275079727,1.2661875000,0.5445000000,4.8733125000
693.4274609089,1.2652500000,0.5443125000,4.8733125000
693.5275282860,1.2641250000,0.5445000000,4.8733125000
693.6277666092,1.2630000000,0.5445000000,4.8733125000
693.7274334431,1.2618750000,0.5448750000,4.8733125000
693.8274388313,1.2607500000,0.5443125000,4.8733125000
693.9274833202,1.2596250000,0.5437500000,4.8712500000
694.0275440216,1.2583125000,0.5443125000,4.8729375000
694.1286275387,1.2573750000,0.5443125000,4.8731250000
694.2276155949,1.2562500000,0.5439375000,4.8731250000
694.3282885551,1.2551250000,0.5450625000,4.8731250000
694.4278647900,1.2540000000,0.5445000000,4.8733125000
694.5276279449,1.2528750000,0.5445000000,4.8731250000
694.6274564266,1.2517500000,0.5446875000,4.8731250000
694.7276518345,1.2506250000,0.5448750000,4.8731250000
694.8275015354,1.2495000000,0.5446875000,4.8733125000
694.9274523258,1.2485625000,0.5448750000,4.8731250000
695.0274927616,1.2476250000,0.5445000000,4.8733125000
695.1276133060,1.2463125000,0.5441250000,4.8733125000
695.2275683880,1.2451875000,0.5435625000,4.8731250000
695.3274905682,1.2440625000,0.5443125000,4.8731250000
695.4276337624,1.2431250000,0.5443125000,4.8731250000
695.5277664661,1.2420000000,0.5437500000,4.8733125000
695.6274385452,1.2406875000,0.5445000000,4.8733125000
695.7275555134,1.2397500000,0.5439375000,4.8731250000
695.8276107311,1.2390000000,0.5448750000,4.8733125000
695.9276616573,1.2376875000,0.5443125000,4.8731250000
696.0278804302,1.2367500000,0.5441250000,4.8733125000
696.1276788712,1.2356250000,0.5441250000,4.8733125000
696.2275731564,1.2345000000,0.5445000000,4.8733125000
696.3275754452,1.2335625000,0.5446875000,4.8733125000
696.4274656773,1.2326250000,0.5443125000,4.8733125000
696.5275261402,1.2315000000,0.5446875000,4.8733125000
696.6274831295,1.2303750000,0.5439375000,4.8733125000
696.7274980545,1.2290625000,0.5446875000,4.8729375000
696.8274729252,1.2281250000,0.5443125000,4.8731250000
696.9277169704,1.2270000000,0.5441250000,4.8733125000
697.0275633335,1.2260625000,0.5443125000,4.8731250000
697.1276943684,1.2253125000,0.5441250000,4.8731250000
697.2274684906,1.2240000000,0.5443125000,4.8733125000
697.3274996281,1.2228750000,0.5443125000,4.8733125000
697.4277338982,1.2223125000,0.5439375000,4.8733125000
697.5276672840,1.2210000000,0.5443125000,4.8731250000
697.6275568008,1.2196875000,0.5441250000,4.8733125000
697.7274734974,1.2189375000,0.5443125000,4.8731250000
697.8276004791,1.2181875000,0.5448750000,4.8731250000
697.9276020527,1.2166875000,0.5435625000,4.8731250000
698.0274596214,1.2155625000,0.5448750000,4.8731250000
698.1278355122,1.2148125000,0.5446875000,4.8731250000
698.2275202274,1.2136875000,0.5439375000,4.8733125000
698.3287425041,1.2125625000,0.5446875000,4.8731250000
698.4277172089,1.2116250000,0.5445000000,4.8733125000
698.5275695324,1.2105000000,0.5448750000,4.8733125000
698.6277186871,1.2095625000,0.5448750000,4.8733125000
698.7274615765,1.2088125000,0.5448750000,4.8733125000
698.8275256157,1.2076875000,0.5445000000,4.8733125000
698.9274346828,1.2067500000,0.5441250000,4.8733125000
699.0278906822,1.2058125000,0.5445000000,4.8733125000
699.1276645660,1.2048750000,0.5445000000,4.8733125000
699.2274398804,1.2037500000,0.5448750000,4.8733125000
699.3274698257,1.2028125000,0.5445000000,4.8733125000
699.4275608063,1.2016875000,0.5445000000,4.8731250000
699.5275580883,1.2007500000,0.5446875000,4.8733125000
699.6275389194,1.1996250000,0.5443125000,4.8731250000
699.7277426720,1.1986875000,0.5441250000,4.8733125000
699.8275532722,1.1975625000,0.5446875000,4.8733125000
699.9274404049,1.1966250000,0.5443125000,4.8733125000
700.0275342464,1.1958750000,0.5445000000,4.8731250000
700.1276309490,1.1949375000,0.5448750000,4.8731250000
700.2274188995,1.1938125000,0.5446875000,4.8731250000
700.3274564743,1.1928750000,0.5446875000,4.8733125000
700.4274830818,1.1919375000,0.5441250000,4.8731250000
700.5277512074,1.1908125000,0.5443125000,4.8731250000
700.6274969578,1.1898750000,0.5448750000,4.8733125000
700.7275938988,1.1895000000,0.5446875000,4.8733125000
700.8275618553,1.1880000000,0.5448750000,4.8731250000
700.9275929928,1.1868750000,0.5443125000,4.8731250000
701.0275826454,1.1861250000,0.5443125000,4.8733125000
701.1286680698,1.1850000000,0.5443125000,4.8733125000
701.2275793552,1.1842500000,0.5435625000,4.8733125000
701.3276019096,1.1831250000,0.5446875000,4.8733125000
701.4274578094,1.1823750000,0.5445000000,4.8733125000
701.5276243687,1.1814375000,0.5443125000,4.8733125000
701.6276247501,1.1803125000,0.5445000000,4.8733125000
701.7276325226,1.1793750000,0.5445000000,4.8733125000
701.8276078701,1.1784375000,0.5443125000,4.8733125000
701.9274792671,1.1778750000,0.5443125000,4.8731250000
702.0277173519,1.1765625000,0.5443125000,4.8733125000
702.1277706623,1.1758125000,0.5446875000,4.8731250000
702.2275922298,1.1746875000,0.5441250000,4.8733125000
702.3276100159,1.1737500000,0.5445000000,4.8733125000
702.4275805950,1.1728125000,0.5448750000,4.8733125000
702.5275361538,1.1718750000,0.5441250000,4.8733125000
702.6277136803,1.1709375000,0.5443125000,4.8731250000
702.7275652885,1.1700000000,0.5448750000,4.8733125000
702.8275341988,1.1688750000,0.5443125000,4.8731250000
702.9275333881,1.1681250000,0.5441250000,4.8731250000
703.0275602341,1.1671875000,0.5446875000,4.8731250000
703.1279635429,1.1664375000,0.5445000000,4.8733125000
703.2276988029,1.1655000000,0.5446875000,4.8731250000
703.3275711536,1.1645625000,0.5439375000,4.8731250000
703.4275465012,1.1638125000,0.5448750000,4.8731250000
703.5277600288,1.1630625000,0.5448750000,4.8731250000
703.6276354790,1.1617500000,0.5448750000,4.8731250000
703.7275862694,1.1610000000,0.5448750000,4.8733125000
703.8277270794,1.1600625000,0.5448750000,4.8733125000
703.9276630878,1.1591250000,0.5443125000,4.8733125000
704.0286819935,1.1583750000,0.5441250000,4.8733125000
704.1276597977,1.1572500000,0.5446875000,4.8733125000
704.2275645733,1.1565000000,0.5443125000,4.8733125000
704.3274400234,1.1555625000,0.5445000000,4.8733125000
704.4276025295,1.1548125000,0.5445000000,4.8733125000
704.5275990963,1.1538750000,0.5445000000,4.8733125000
704.6275298595,1.1527500000,0.5446875000,4.8725625000
704.7275409698,1.1520000000,0.5448750000,4.8729375000
704.8275239468,1.1508750000,0.5435625000,4.8733125000
704.9275674820,1.1501250000,0.5445000000,4.8733125000
705.0277040005,1.1493750000,0.5443125000,4.8733125000
705.1276316643,1.1484375000,0.5443125000,4.8733125000
705.2274463177,1.1475000000,0.5443125000,4.8733125000
705.3275856972,1.1469375000,0.5446875000,4.8731250000
705.4286820889,1.1456250000,0.5443125000,4.8733125000
705.5276029110,1.1454375000,0.5441250000,4.8733125000
705.6274631023,1.1439375000,0.5448750000,4.8733125000
705.7274565697,1.1430000000,0.5443125000,4.8731250000
705.8275940418,1.1426250000,0.5446875000,4.8731250000
705.9277265072,1.1413125000,0.5445000000,4.8731250000
706.0275092125,1.1405625000,0.5446875000,4.8731250000
706.1276416779,1.1398125000,0.5441250000,4.8733125000
706.2275302410,1.1388750000,0.5446875000,4.8733125000
706.3275563717,1.1379375000,0.5448750000,4.8731250000
706.4275825024,1.1373750000,0.5446875000,4.8731250000
706.5276257992,1.1362500000,0.5439375000,4.8733125000
706.6274535656,1.1355000000,0.5446875000,4.8733125000
706.7278282642,1.1345625000,0.5443125000,4.8733125000
706.8285610676,1.1338125000,0.5445000000,4.8733125000
706.9277675152,1.1328750000,0.5439375000,4.8733125000
707.0275537968,1.1321250000,0.5445000000,4.8735000000
707.1276078224,1.1313750000,0.5441250000,4.8733125000
707.2282838821,1.1302500000,0.5448750000,4.8733125000
707.3274724483,1.1296875000,0.5448750000,4.8733125000
707.4274189472,1.1285625000,0.5443125000,4.8731250000
707.5274326801,1.1280000000,0.5445000000,4.8733125000
707.6275610924,1.1270625000,0.5443125000,4.8731250000
707.7275695801,1.1263125000,0.5448750000,4.8731250000
707.8274412155,1.1251875000,0.5443125000,4.8731250000
707.9274935722,1.1244375000,0.5445000000,4.8733125000
708.0278363228,1.1236875000,0.5448750000,4.8733125000
708.1279397011,1.1229375000,0.5437500000,4.8733125000
708.2279152870,1.1220000000,0.5443125000,4.8733125000
708.3277504444,1.1208750000,0.5448750000,4.8733125000
708.4274597168,1.1205000000,0.5439375000,4.8733125000
708.5275771618,1.1195625000,0.5445000000,4.8733125000
708.6275763512,1.1188125000,0.5441250000,4.8733125000
708.7275662422,1.1176875000,0.5445000000,4.8731250000
708.8276026249,1.1171250000,0.5441250000,4.8733125000
708.9276416302,1.1163750000,0.5441250000,4.8733125000
709.0274899006,1.1152500000,0.5441250000,4.8733125000
709.1276302338,1.1146875000,0.5443125000,4.8735000000
709.2274341583,1.1139375000,0.5439375000,4.8733125000
709.3274643421,1.1130000000,0.5446875000,4.8733125000
709.4274492264,1.1122500000,0.5441250000,4.8735000000
709.5276403427,1.1113125000,0.5445000000,4.8733125000
709.6286876202,1.1107500000,0.5439375000,4.8733125000
709.7276401520,1.1098125000,0.5441250000,4.8733125000
709.8275706768,1.1092500000,0.5443125000,4.8714375000
709.9275650978,1.1083125000,0.5443125000,4.8731250000
710.0275275707,1.1075625000,0.5435625000,4.8733125000
710.1277110577,1.1066250000,0.5441250000,4.8731250000
710.2275326252,1.1058750000,0.5443125000,4.8733125000
710.3276226521,1.1051250000,0.5437500000,4.8733125000
710.4275631905,1.1043750000,0.5441250000,4.8731250000
710.5275313854,1.1032500000,0.5443125000,4.8733125000
710.6275258064,1.1028750000,0.5443125000,4.8733125000
710.7274224758,1.1021250000,0.5437500000,4.8731250000
710.8275320530,1.1011875000,0.5445000000,4.8731250000
710.9274415970,1.1004375000,0.5439375000,4.8733125000
711.0287449360,1.0998750000,0.5446875000,4.8731250000
711.1277904510,1.0991250000,0.5439375000,4.8733125000
711.2275757790,1.0981875000,0.5441250000,4.8731250000
711.3275797367,1.0974375000,0.5437500000,4.8731250000
711.4274537563,1.0965000000,0.5446875000,4.8731250000
711.5275509357,1.0957500000,0.5445000000,4.8733125000
711.6275777817,1.0951875000,0.5448750000,4.8733125000
711.7275633812,1.0942500000,0.5439375000,4.8733125000
711.8274791241,1.0935000000,0.5446875000,4.8733125000
711.9274489880,1.0929375000,0.5443125000,4.8733125000
712.0275394917,1.0921875000,0.5448750000,4.8735000000
712.1276278496,1.0912500000,0.5446875000,4.8733125000
712.2274210453,1.0905000000,0.5446875000,4.8733125000
712.3275451660,1.0897500000,0.5443125000,4.8731250000
712.4275155067,1.0890000000,0.5445000000,4.8731250000
712.5276010036,1.0884375000,0.5446875000,4.8733125000
712.6274840832,1.0875000000,0.5443125000,4.8733125000
712.7275450230,1.0869375000,0.5441250000,4.8733125000
712.8275461197,1.0860000000,0.5443125000,4.8733125000
712.9276168346,1.0852500000,0.5445000000,4.8733125000
713.0275709629,1.0846875000,0.5441250000,4.8731250000
713.1280281544,1.0839375000,0.5448750000,4.8733125000
713.2275528908,1.0830000000,0.5443125000,4.8733125000
713.3274378777,1.0824375000,0.5448750000,4.8733125000
713.4274375439,1.0815000000,0.5443125000,4.8733125000
713.5273919106,1.0809375000,0.5446875000,4.8733125000
713.6274831295,1.0801875000,0.5441250000,4.8733125000
713.7274312973,1.0794375000,0.5443125000,4.8733125000
713.8275330067,1.0788750000,0.5445000000,4.8733125000
713.9276270866,1.0781250000,0.5445000000,4.8733125000
714.0277943611,1.0771875000,0.5443125000,4.8729375000
714.1276657581,1.0764375000,0.5441250000,4.8733125000
714.2276484966,1.0758750000,0.5441250000,4.8733125000
714.3274741173,1.0751250000,0.5448750000,4.8733125000
714.4274723530,1.0741875000,0.5441250000,4.8731250000
714.5275802612,1.0738125000,0.5443125000,4.8733125000
714.6276409626,1.0730625000,0.5439375000,4.8731250000
714.7274558544,1.0723125000,0.5439375000,4.8733125000
714.8275399208,1.0715625000,0.5443125000,4.8731250000
714.9274802208,1.0708125000,0.5448750000,4.8733125000
715.0276124477,1.0700625000,0.5443125000,4.8733125000
715.1276350021,1.0695000000,0.5439375000,4.8733125000
715.2276372910,1.0685625000,0.5445000000,4.8733125000
715.3277733326,1.0681875000,0.5437500000,4.8733125000
715.4277052879,1.0674375000,0.5441250000,4.8733125000
715.5276420116,1.0666875000,0.5443125000,4.8731250000
715.6274943352,1.0659375000,0.5445000000,4.8733125000
715.7275779247,1.0653750000,0.5439375000,4.8731250000
715.8276216984,1.0648125000,0.5448750000,4.8731250000
715.9275994301,1.0640625000,0.5439375000,4.8731250000
716.0276458263,1.0631250000,0.5441250000,4.8731250000
716.1277518272,1.0623750000,0.5435625000,4.8733125000
716.2276406288,1.0616250000,0.5439375000,4.8735000000
716.3276045322,1.0610625000,0.5439375000,4.8733125000
716.4275844097,1.0605000000,0.5439375000,4.8733125000
716.5274956226,1.0597500000,0.5443125000,4.8735000000
716.6275820732,1.0591875000,0.5439375000,4.8733125000
716.7275986671,1.0586250000,0.5439375000,4.8733125000
716.8276040554,1.0576875000,0.5445000000,4.8733125000
716.9275002480,1.0565625000,0.5443125000,4.8718125000
717.0278575420,1.0565625000,0.5437500000,4.8729375000
717.1277363300,1.0558125000,0.5439375000,4.8731250000
717.2275931835,1.0546875000,0.5445000000,4.8731250000
717.3275043964,1.0541250000,0.5441250000,4.8733125000
717.4275405407,1.0537500000,0.5437500000,4.8733125000
717.5274100304,1.0530000000,0.5445000000,4.8733125000
717.6274390221,1.0522500000,0.5439375000,4.8733125000
717.7275657654,1.0516875000,0.5439375000,4.8733125000
717.8275923729,1.0511250000,0.5439375000,4.8733125000
717.9275848866,1.0505625000,0.5437500000,4.8731250000
718.0275619030,1.0496250000,0.5445000000,4.8731250000
718.1276166439,1.0492500000,0.5443125000,4.8733125000
718.2277963161,1.0483125000,0.5445000000,4.8733125000
718.3275403976,1.0479375000,0.5443125000,4.8733125000
718.4276089668,1.0470000000,0.5441250000,4.8733125000
718.5276396275,1.0464375000,0.5435625000,4.8731250000
718.6276481152,1.0456875000,0.5439375000,4.8731250000
718.7275452614,1.0453125000,0.5437500000,4.8733125000
718.8275113106,1.0445625000,0.5441250000,4.8731250000
718.9275646210,1.0441875000,0.5441250000,4.8733125000
719.0274775028,1.0432500000,0.5441250000,4.8733125000
719.1277465820,1.0426875000,0.5441250000,4.8733125000
719.2274308205,1.0419375000,0.5443125000,4.8733125000
719.3274700642,1.0415625000,0.5439375000,4.8733125000
719.4275991917,1.0408125000,0.5443125000,4.8733125000
719.5274798870,1.0400625000,0.5443125000,4.8733125000
719.6276681423,1.0395000000,0.5439375000,4.8733125000
719.7275857925,1.0387500000,0.5443125000,4.8733125000
719.8274340630,1.0380000000,0.5439375000,4.8733125000
719.9274449348,1.0376250000,0.5441250000,4.8733125000
720.0276968479,1.0368750000,0.5439375000,4.8733125000
720.1276123524,1.0365000000,0.5437500000,4.8733125000
720.2274925709,1.0359375000,0.5441250000,4.8733125000
720.3275659084,1.0351875000,0.5443125000,4.8733125000
720.4276247025,1.0346250000,0.5437500000,4.8733125000
720.5274131298,1.0336875000,0.5443125000,4.8733125000
720.6276180744,1.0331250000,0.5439375000,4.8731250000
720.7274067402,1.0325625000,0.5443125000,4.8733125000
720.8276252747,1.0320000000,0.5433750000,4.8733125000
720.9274203777,1.0314375000,0.5439375000,4.8731250000
721.0277397633,1.0306875000,0.5443125000,4.8733125000
721.1277623177,1.0299375000,0.5435625000,4.8731250000
721.2274320126,1.0295625000,0.5435625000,4.8733125000
721.3275892735,1.0290000000,0.5439375000,4.8733125000
721.4276328087,1.0284375000,0.5441250000,4.8733125000
721.5276343822,1.0278750000,0.5443125000,4.8733125000
721.6274640560,1.0273125000,0.5435625000,4.8735000000
721.7275559902,1.0267500000,0.5443125000,4.8735000000
721.8275482655,1.0260000000,0.5439375000,4.8735000000
721.9274475574,1.0256250000,0.5437500000,4.8733125000
722.0275497437,1.0248750000,0.5439375000,4.8733125000
722.1276304722,1.0243125000,0.5437500000,4.8733125000
722.2274217606,1.0237500000,0.5445000000,4.8733125000
722.3274188042,1.0231875000,0.5443125000,4.8725625000
722.4280281067,1.0224375000,0.5443125000,4.8733125000
722.5274996758,1.0216875000,0.5439375000,4.8731250000
722.6275706291,1.0211250000,0.5437500000,4.8731250000
722.7274861336,1.0209375000,0.5441250000,4.8733125000
722.8275897503,1.0201875000,0.5445000000,4.8733125000
722.9275407791,1.0194375000,0.5439375000,4.8733125000
723.0276498795,1.0190625000,0.5439375000,4.8733125000
723.1276910305,1.0183125000,0.5431875000,4.8733125000
723.2276771069,1.0179375000,0.5439375000,4.8733125000
723.3275129795,1.0173750000,0.5439375000,4.8733125000
723.4274818897,1.0166250000,0.5433750000,4.8731250000
723.5275163651,1.0162500000,0.5443125000,4.8733125000
723.6274352074,1.0156875000,0.5446875000,4.8733125000
723.7274832726,1.0149375000,0.5445000000,4.8731250000
723.8276283741,1.0143750000,0.5443125000,4.8733125000
723.9275660515,1.0140000000,0.5441250000,4.8733125000
724.0275166035,1.0132500000,0.5441250000,4.8733125000
724.1276004314,1.0125000000,0.5439375000,4.8733125000
724.2274823189,1.0121250000,0.5435625000,4.8733125000
724.3275396824,1.0117500000,0.5439375000,4.8733125000
724.4275612831,1.0110000000,0.5439375000,4.8733125000
724.5276608467,1.0104375000,0.5439375000,4.8733125000
724.6274642944,1.0100625000,0.5441250000,4.8733125000
724.7275569439,1.0095000000,0.5441250000,4.8733125000
724.8274016380,1.0087500000,0.5441250000,4.8733125000
724.9274268150,1.0083750000,0.5441250000,4.8733125000
725.0275759697,1.0072500000,0.5445000000,4.8727500000
725.1275937557,1.0070625000,0.5441250000,4.8733125000
725.2277548313,1.0065000000,0.5439375000,4.8733125000
725.3275735378,1.0059375000,0.5446875000,4.8733125000
725.4274547100,1.0055625000,0.5441250000,4.8733125000
725.5274281502,1.0048125000,0.5439375000,4.8733125000
725.6274855137,1.0044375000,0.5439375000,4.8733125000
725.7275514603,1.0038750000,0.5439375000,4.8731250000
725.8274288177,1.0031250000,0.5445000000,4.8733125000
725.9275720119,1.0025625000,0.5443125000,4.8731250000
726.0279250145,1.0023750000,0.5439375000,4.8731250000
726.1277339458,1.0016250000,0.5443125000,4.8733125000
726.2275962830,1.0010625000,0.5443125000,4.8731250000
726.3274860382,1.0006875000,0.5443125000,4.8733125000
726.4275474548,0.9999375000,0.5441250000,4.8731250000
726.5275473595,0.9995625000,0.5439375000,4.8733125000
726.6285662651,0.9990000000,0.5439375000,4.8733125000
726.7274885178,0.9988125000,0.5439375000,4.8731250000
726.8275330067,0.9976875000,0.5445000000,4.8731250000
726.9275772572,0.9975000000,0.5441250000,4.8733125000
727.0276117325,0.9969375000,0.5439375000,4.8733125000
727.1276237965,0.9963750000,0.5441250000,4.8735000000
727.2275996208,0.9960000000,0.5445000000,4.8735000000
727.3275599480,0.9954375000,0.5441250000,4.8735000000
727.4276251793,0.9946875000,0.5441250000,4.8735000000
727.5276546478,0.9943125000,0.5441250000,4.8733125000
727.6275150776,0.9937500000,0.5446875000,4.8735000000
727.7276246548,0.9931875000,0.5441250000,4.8735000000
727.8275270462,0.9928125000,0.5443125000,4.8731250000
727.9277245998,0.9922500000,0.5443125000,4.8733125000
728.0290994644,0.9916875000,0.5441250000,4.8733125000
728.1276676655,0.9911250000,0.5448750000,4.8733125000
728.2277300358,0.9907500000,0.5443125000,4.8733125000
728.3276059628,0.9901875000,0.5439375000,4.8733125000
728.4276645184,0.9898125000,0.5441250000,4.8733125000
728.5275835991,0.9888750000,0.5441250000,4.8733125000
728.6276838779,0.9886875000,0.5439375000,4.8733125000
728.7276151180,0.9879375000,0.5441250000,4.8733125000
728.8275041580,0.9877500000,0.5445000000,4.8731250000
728.9276247025,0.9873750000,0.5441250000,4.8733125000
729.0277681351,0.9866250000,0.5443125000,4.8733125000
729.1277928352,0.9862500000,0.5435625000,4.8731250000
729.2276296616,0.9856875000,0.5437500000,4.8733125000
729.3276076317,0.9853125000,0.5439375000,4.8733125000
729.4276413918,0.9851250000,0.5439375000,4.8733125000
729.5291140079,0.9840000000,0.5441250000,4.8735000000
729.6275858879,0.9838125000,0.5435625000,4.8733125000
729.7274792194,0.9832500000,0.5437500000,4.8733125000
729.8275671005,0.9826875000,0.5435625000,4.8733125000
729.9275312424,0.9821250000,0.5441250000,4.8733125000
730.0274238586,0.9817500000,0.5437500000,4.8733125000
730.1276688576,0.9811875000,0.5435625000,4.8733125000
730.2276976109,0.9806250000,0.5437500000,4.8735000000
730.3275706768,0.9796875000,0.5439375000,4.8731250000
730.4275574684,0.9796875000,0.5441250000,4.8733125000
730.5276427269,0.9793125000,0.5431875000,4.8733125000
730.6274447441,0.9791250000,0.5445000000,4.8733125000
730.7275295258,0.9783750000,0.5435625000,4.8733125000
730.8276464939,0.9780000000,0.5439375000,4.8733125000
730.9291176796,0.9772500000,0.5443125000,4.8733125000
731.0277187824,0.9766875000,0.5439375000,4.8733125000
731.1276254654,0.9766875000,0.5437500000,4.8733125000
731.2274427414,0.9761250000,0.5441250000,4.8731250000
731.3275392056,0.9755625000,0.5445000000,4.8733125000
731.4275326729,0.9751875000,0.5443125000,4.8733125000
731.5274298191,0.9746250000,0.5439375000,4.8733125000
731.6274962425,0.9744375000,0.5439375000,4.8733125000
731.7276170254,0.9735000000,0.5441250000,4.8733125000
731.8275794983,0.9735000000,0.5441250000,4.8733125000
731.9275813103,0.9727500000,0.5437500000,4.8733125000
732.0276832581,0.9721875000,0.5437500000,4.8733125000
732.1277611256,0.9718125000,0.5437500000,4.8733125000
732.2275774479,0.9712500000,0.5441250000,4.8735000000
732.3274779320,0.9708750000,0.5433750000,4.8735000000
732.4276132584,0.9705000000,0.5435625000,4.8735000000
732.5274660587,0.9701250000,0.5439375000,4.8735000000
732.6274077892,0.9695625000,0.5437500000,4.8735000000
732.7274382114,0.9691875000,0.5443125000,4.8735000000
732.8275120258,0.9686250000,0.5431875000,4.8729375000
732.9286394119,0.9682500000,0.5439375000,4.8733125000
733.0276246071,0.9678750000,0.5439375000,4.8733125000
733.1277425289,0.9671250000,0.5439375000,4.8733125000
733.2277483940,0.9669375000,0.5443125000,4.8733125000
733.3275823593,0.9663750000,0.5435625000,4.8733125000
733.4275639057,0.9658125000,0.5439375000,4.8733125000
733.5276274681,0.9658125000,0.5439375000,4.8731250000
733.6274652481,0.9652500000,0.5435625000,4.8733125000
733.7274978161,0.9645000000,0.5435625000,4.8733125000
733.8277482986,0.9641250000,0.5435625000,4.8733125000
733.9276366234,0.9637500000,0.5435625000,4.8733125000
734.0274696350,0.9631875000,0.5430000000,4.8731250000
734.1276135445,0.9626250000,0.5439375000,4.8733125000
734.2274296284,0.9620625000,0.5435625000,4.8733125000
734.3274455070,0.9622500000,0.5430000000,4.8733125000
734.4275438786,0.9616875000,0.5428125000,4.8733125000
734.5274286270,0.9611250000,0.5435625000,4.8733125000
734.6275968552,0.9605625000,0.5433750000,4.8733125000
734.7275354862,0.9601875000,0.5428125000,4.8733125000
734.8275022507,0.9598125000,0.5433750000,4.8735000000
734.9276895523,0.9594375000,0.5428125000,4.8735000000
735.0277452469,0.9590625000,0.5431875000,4.8735000000
735.1277365685,0.9586875000,0.5435625000,4.8735000000
735.2277622223,0.9583125000,0.5431875000,4.8733125000
735.3274943829,0.9575625000,0.5439375000,4.8718125000
735.4274790287,0.9571875000,0.5433750000,4.8731250000
735.5274393559,0.9568125000,0.5435625000,4.8733125000
735.6275515556,0.9566250000,0.5426250000,4.8731250000
735.7274653912,0.9558750000,0.5435625000,4.8733125000
735.8275001049,0.9556875000,0.5437500000,4.8733125000
735.9274694920,0.9553125000,0.5430000000,4.8733125000
736.0275068283,0.9545625000,0.5443125000,4.8731250000
736.1277186871,0.9543750000,0.5433750000,4.8731250000
736.2276034355,0.9540000000,0.5426250000,4.8733125000
736.3275957108,0.9538125000,0.5430000000,4.8733125000
736.4275219440,0.9530625000,0.5430000000,4.8733125000
736.5276949406,0.9526875000,0.5435625000,4.8733125000
736.6276581287,0.9523125000,0.5437500000,4.8733125000
736.7275402546,0.9517500000,0.5426250000,4.8733125000
736.8275477886,0.9515625000,0.5439375000,4.8731250000
736.9275424480,0.9511875000,0.5430000000,4.8733125000
737.0275263786,0.9508125000,0.5435625000,4.8733125000
737.1277093887,0.9504375000,0.5439375000,4.8735000000
737.2274539471,0.9498750000,0.5435625000,4.8733125000
737.3274760246,0.9496875000,0.5439375000,4.8735000000
737.4275522232,0.9491250000,0.5437500000,4.8735000000
737.5274469852,0.9487500000,0.5437500000,4.8735000000
737.6275751591,0.9485625000,0.5439375000,4.8735000000
737.7274408340,0.9480000000,0.5439375000,4.8735000000
737.8274438381,0.9472500000,0.5433750000,4.8727500000
737.9276173115,0.9472500000,0.5430000000,4.8733125000
738.0280988216,0.9465000000,0.5435625000,4.8731250000
738.1276350021,0.9465000000,0.5435625000,4.8735000000
738.2276203632,0.9461250000,0.5433750000,4.8731250000
738.3275933266,0.9457500000,0.5441250000,4.8733125000
738.4277253151,0.9450000000,0.5433750000,4.8731250000
738.5276033878,0.9450000000,0.5441250000,4.8733125000
738.6274700165,0.9446250000,0.5439375000,4.8733125000
738.7274343967,0.9438750000,0.5428125000,4.8731250000
738.8275156021,0.9436875000,0.5437500000,4.8733125000
738.9274337292,0.9433125000,0.5431875000,4.8735000000
739.0275282860,0.9429375000,0.5430000000,4.8733125000
739.1276390553,0.9423750000,0.5433750000,4.8733125000
739.2274386883,0.9420000000,0.5437500000,4.8731250000
739.3275492191,0.9418125000,0.5441250000,4.8731250000
739.4279670715,0.9414375000,0.5435625000,4.8733125000
739.5277857780,0.9410625000,0.5431875000,4.8733125000
739.6276061535,0.9408750000,0.5441250000,4.8733125000
739.7274441719,0.9403125000,0.5441250000,4.8733125000
739.8274896145,0.9397500000,0.5439375000,4.8733125000
739.9276845455,0.9395625000,0.5431875000,4.8733125000
740.0276539326,0.9393750000,0.5437500000,4.8733125000
740.1276655197,0.9390000000,0.5433750000,4.8733125000
740.2274982929,0.9386250000,0.5441250000,4.8735000000
740.3275828362,0.9384375000,0.5435625000,4.8735000000
740.4276270866,0.9378750000,0.5441250000,4.8735000000
740.5274643898,0.9375000000,0.5435625000,4.8733125000
740.6276667118,0.9369375000,0.5433750000,4.8731250000
740.7276279926,0.9365625000,0.5445000000,4.8733125000
740.8280990124,0.9365625000,0.5435625000,4.8733125000
740.9274854660,0.9360000000,0.5435625000,4.8733125000
741.0277311802,0.9356250000,0.5435625000,4.8733125000
741.1277947426,0.9350625000,0.5435625000,4.8733125000
741.2277061939,0.9348750000,0.5437500000,4.8733125000
741.3275904655,0.9345000000,0.5435625000,4.8733125000
741.4277706146,0.9341250000,0.5433750000,4.8733125000
741.5276081562,0.9337500000,0.5437500000,4.8733125000
741.6274938583,0.9335625000,0.5443125000,4.8733125000
741.7274990082,0.9330000000,0.5433750000,4.8733125000
741.8275091648,0.9330000000,0.5437500000,4.8733125000
741.9276278019,0.9322500000,0.5430000000,4.8733125000
742.0276105404,0.9318750000,0.5443125000,4.8733125000
742.1277520657,0.9318750000,0.5435625000,4.8731250000
742.2276628017,0.9313125000,0.5441250000,4.8733125000
742.3277192116,0.9311250000,0.5433750000,4.8733125000
742.4274756908,0.9307500000,0.5439375000,4.8733125000
742.5276167393,0.9303750000,0.5435625000,4.8733125000
742.6275391579,0.9301875000,0.5431875000,4.8735000000
742.7275812626,0.9298125000,0.5437500000,4.8735000000
742.8276298046,0.9294375000,0.5431875000,4.8733125000
742.9276473522,0.9290625000,0.5430000000,4.8733125000
743.0275330544,0.9286875000,0.5430000000,4.8735000000
743.1277289391,0.9283125000,0.5433750000,4.8733125000
743.2277715206,0.9281250000,0.5439375000,4.8733125000
743.3275675774,0.9275625000,0.5439375000,4.8718125000
743.4275429249,0.9271875000,0.5443125000,4.8731250000
743.5275669098,0.9268125000,0.5431875000,4.8733125000
743.6276335716,0.9266250000,0.5435625000,4.8733125000
743.7275629044,0.9264375000,0.5435625000,4.8733125000
743.8276286125,0.9258750000,0.5439375000,4.8733125000
743.9275565147,0.9255000000,0.5437500000,4.8733125000
744.0277259350,0.9253125000,0.5437500000,4.8733125000
744.1277062893,0.9251250000,0.5439375000,4.8733125000
744.2275850773,0.9245625000,0.5441250000,4.8733125000
744.3275306225,0.9243750000,0.5433750000,4.8733125000
744.4274618626,0.9240000000,0.5433750000,4.8733125000
744.5274257660,0.9238125000,0.5439375000,4.8733125000
744.6275608540,0.9232500000,0.5437500000,4.8733125000
744.7275614738,0.9228750000,0.5441250000,4.8733125000
744.8274867535,0.9225000000,0.5439375000,4.8733125000
744.9280459881,0.9226875000,0.5437500000,4.8733125000
745.0275042057,0.9221250000,0.5441250000,4.8733125000
745.1276135445,0.9217500000,0.5435625000,4.8733125000
745.2277412415,0.9213750000,0.5431875000,4.8733125000
745.3274965286,0.9211875000,0.5437500000,4.8733125000
745.4275951385,0.9208125000,0.5439375000,4.8733125000
745.5276334286,0.9206250000,0.5443125000,4.8733125000
745.6276061535,0.9200625000,0.5441250000,4.8735000000
745.7274332047,0.9198750000,0.5439375000,4.8733125000
745.8282856941,0.9195000000,0.5441250000,4.8733125000
745.9276232719,0.9193125000,0.5443125000,4.8733125000
746.0274486542,0.9189375000,0.5443125000,4.8735000000
746.1278464794,0.9185625000,0.5435625000,4.8733125000
746.2275815010,0.9178125000,0.5437500000,4.8727500000
746.3276104927,0.9178125000,0.5435625000,4.8731250000
746.4274997711,0.9176250000,0.5437500000,4.8733125000
746.5274512768,0.9170625000,0.5437500000,4.8733125000
746.6280782223,0.9168750000,0.5431875000,4.8733125000
746.7276992798,0.9165000000,0.5437500000,4.8733125000
746.8276777267,0.9163125000,0.5437500000,4.8733125000
746.9275550842,0.9161250000,0.5443125000,4.8733125000
747.0277709961,0.9159375000,0.5435625000,4.8733125000
747.1276183128,0.9151875000,0.5431875000,4.8733125000
747.2276499271,0.9150000000,0.5443125000,4.8733125000
747.3276772499,0.9146250000,0.5430000000,4.8733125000
747.4276576042,0.9148125000,0.5437500000,4.8733125000
747.5275619030,0.9142500000,0.5446875000,4.8731250000
747.6276111603,0.9136875000,0.5437500000,4.8733125000
747.7276308537,0.9136875000,0.5437500000,4.8731250000
747.8275995255,0.9133125000,0.5443125000,4.8731250000
747.9274823666,0.9129375000,0.5435625000,4.8733125000
748.0285658836,0.9125625000,0.5437500000,4.8733125000
748.1278033257,0.9123750000,0.5441250000,4.8733125000
748.2276470661,0.9118125000,0.5443125000,4.8735000000
748.3276104927,0.9118125000,0.5443125000,4.8733125000
748.4275007248,0.9114375000,0.5443125000,4.8735000000
748.5286350250,0.9112500000,0.5439375000,4.8733125000
748.6278090477,0.9108750000,0.5439375000,4.8733125000
748.7274768353,0.9105000000,0.5446875000,4.8735000000
748.8274633884,0.9103125000,0.5437500000,4.8735000000
748.9275314808,0.9099375000,0.5431875000,4.8725625000
749.0275774002,0.9093750000,0.5441250000,4.8733125000
749.1277012825,0.9091875000,0.5441250000,4.8733125000
749.2275154591,0.9091875000,0.5433750000,4.8733125000
749.3275253773,0.9086250000,0.5435625000,4.8733125000
749.4285531044,0.9088125000,0.5437500000,4.8733125000
749.5275137424,0.9078750000,0.5439375000,4.8733125000
749.6275415421,0.9078750000,0.5435625000,4.8733125000
749.7275526524,0.9078750000,0.5437500000,4.8733125000
749.8275716305,0.9069375000,0.5441250000,4.8733125000
749.9275374413,0.9069375000,0.5430000000,4.8733125000
750.0276272297,0.9067500000,0.5439375000,4.8733125000
750.1276528835,0.9061875000,0.5441250000,4.8733125000
750.2274718285,0.9060000000,0.5445000000,4.8731250000
750.3275635242,0.9056250000,0.5437500000,4.8733125000
750.4275848866,0.9054375000,0.5437500000,4.8733125000
750.5275721550,0.9054375000,0.5435625000,4.8733125000
750.6275446415,0.9046875000,0.5437500000,4.8731250000
750.7276954651,0.9046875000,0.5431875000,4.8733125000
750.8285450935,0.9045000000,0.5431875000,4.8733125000
750.9275972843,0.9041250000,0.5426250000,4.8733125000
751.0274269581,0.9039375000,0.5445000000,4.8733125000
751.1277449131,0.9035625000,0.5437500000,4.8733125000
751.2275385857,0.9031875000,0.5433750000,4.8733125000
751.3274273872,0.9031875000,0.5443125000,4.8735000000
751.4276385307,0.9026250000,0.5433750000,4.8735000000
751.5276644230,0.9024375000,0.5445000000,4.8731250000
751.6276261806,0.9022500000,0.5443125000,4.8733125000
751.7274518013,0.9016875000,0.5439375000,4.8733125000
751.8274297714,0.9015000000,0.5439375000,4.8733125000
751.9275743961,0.9013125000,0.5437500000,4.8733125000
752.0275800228,0.9011250000,0.5441250000,4.8733125000
752.1276586056,0.9005625000,0.5435625000,4.8733125000
752.2277076244,0.9005625000,0.5439375000,4.8733125000
752.3275818825,0.9001875000,0.5437500000,4.8733125000
752.4276294708,0.9001875000,0.5437500000,4.8733125000
752.5274593830,0.8996250000,0.5435625000,4.8733125000
752.6276683807,0.8996250000,0.5431875000,4.8733125000
752.7276237011,0.8988750000,0.5433750000,4.8733125000
752.8276214600,0.8986875000,0.5439375000,4.8733125000
752.9275286198,0.8986875000,0.5437500000,4.8731250000
753.0277602673,0.8981250000,0.5431875000,4.8731250000
753.1277601719,0.8983125000,0.5430000000,4.8733125000
753.2276408672,0.8975625000,0.5437500000,4.8733125000
753.3276352882,0.8973750000,0.5435625000,4.8733125000
753.4276058674,0.8973750000,0.5431875000,4.8735000000
753.5275812149,0.8970000000,0.5433750000,4.8735000000
753.6275229454,0.8966250000,0.5437500000,4.8735000000
753.7287442684,0.8966250000,0.5433750000,4.8733125000
753.8276293278,0.8962500000,0.5435625000,4.8733125000
753.9276008606,0.8960625000,0.5439375000,4.8733125000
754.0274872780,0.8956875000,0.5433750000,4.8735000000
754.1277644634,0.8949375000,0.5435625000,4.8725625000
754.2276487350,0.8951250000,0.5435625000,4.8733125000
754.3276000023,0.8949375000,0.5433750000,4.8733125000
754.4276082516,0.8945625000,0.5430000000,4.8731250000
754.5277912617,0.8943750000,0.5437500000,4.8733125000
754.6274898052,0.8940000000,0.5430000000,4.8733125000
754.7276685238,0.8940000000,0.5431875000,4.8733125000
754.8276510239,0.8934375000,0.5431875000,4.8733125000
754.9274690151,0.8932500000,0.5435625000,4.8733125000
755.0276212692,0.8930625000,0.5428125000,4.8731250000
755.1277551651,0.8928750000,0.5433750000,4.8733125000
755.2277557850,0.8925000000,0.5433750000,4.8733125000
755.3274786472,0.8921250000,0.5428125000,4.8731250000
755.4275491238,0.8919375000,0.5426250000,4.8733125000
755.5274443626,0.8919375000,0.5430000000,4.8733125000
755.6275663376,0.8917500000,0.5430000000,4.8731250000
755.7276513577,0.8913750000,0.5433750000,4.8733125000
755.8274991512,0.8910000000,0.5437500000,4.8733125000
755.9275147915,0.8908125000,0.5433750000,4.8731250000
756.0277104378,0.8902500000,0.5433750000,4.8733125000
756.1276438236,0.8902500000,0.5435625000,4.8733125000
756.2276937962,0.8902500000,0.5435625000,4.8735000000
756.3276445866,0.8900625000,0.5435625000,4.8733125000
756.4275500774,0.8898750000,0.5428125000,4.8735000000
756.5274372101,0.8893125000,0.5439375000,4.8735000000
756.6288950443,0.8891250000,0.5433750000,4.8735000000
756.7276487350,0.8889375000,0.5430000000,4.8735000000
756.8276169300,0.8885625000,0.5430000000,4.8733125000
756.9276018143,0.8885625000,0.5430000000,4.8731250000
757.0274171829,0.8881875000,0.5437500000,4.8733125000
757.1276171207,0.8878125000,0.5433750000,4.8731250000
757.2274403572,0.8878125000,0.5424375000,4.8733125000
757.3275551796,0.8874375000,0.5437500000,4.8733125000
757.4275832176,0.8872500000,0.5430000000,4.8733125000
757.5277528763,0.8868750000,0.5435625000,4.8733125000
757.6274619102,0.8868750000,0.5433750000,4.8733125000
757.7275705338,0.8863125000,0.5426250000,4.8731250000
757.8274934292,0.8861250000,0.5433750000,4.8733125000
757.9274880886,0.8859375000,0.5437500000,4.8733125000
758.0278296471,0.8855625000,0.5433750000,4.8733125000
758.1276941299,0.8855625000,0.5435625000,4.8733125000
758.2275915146,0.8853750000,0.5426250000,4.8733125000
758.3276145458,0.8850000000,0.5441250000,4.8733125000
758.4275879860,0.8850000000,0.5435625000,4.8733125000
758.5276579857,0.8844375000,0.5431875000,4.8731250000
758.6283130646,0.8844375000,0.5428125000,4.8733125000
758.7275147438,0.8840625000,0.5433750000,4.8733125000
758.8276317120,0.8840625000,0.5430000000,4.8733125000
758.9276330471,0.8836875000,0.5426250000,4.8735000000
759.0277566910,0.8835000000,0.5430000000,4.8735000000
759.1277613640,0.8833125000,0.5437500000,4.8735000000
759.2274961472,0.8829375000,0.5431875000,4.8735000000
759.3275587559,0.8829375000,0.5426250000,4.8735000000
759.4275512695,0.8827500000,0.5426250000,4.8735000000
759.5276632309,0.8823750000,0.5426250000,4.8735000000
759.6274552345,0.8821875000,0.5435625000,4.8729375000
759.7275655270,0.8820000000,0.5428125000,4.8733125000
759.8274483681,0.8816250000,0.5422500000,4.8733125000
759.9275255203,0.8816250000,0.5430000000,4.8731250000
760.0274686813,0.8812500000,0.5431875000,4.8733125000
760.1277441978,0.8810625000,0.5431875000,4.8733125000
760.2276017666,0.8806875000,0.5435625000,4.8731250000
760.3275618553,0.8806875000,0.5430000000,4.8731250000
760.4275445938,0.8801250000,0.5428125000,4.8733125000
760.5278024673,0.8803125000,0.5430000000,4.8733125000
760.6274654865,0.8801250000,0.5426250000,4.8733125000
760.7274811268,0.8797500000,0.5430000000,4.8733125000
760.8275983334,0.8791875000,0.5420625000,4.8733125000
760.9281539917,0.8793750000,0.5431875000,4.8733125000
761.0275471210,0.8790000000,0.5430000000,4.8733125000
761.1277403831,0.8788125000,0.5430000000,4.8733125000
761.2275598049,0.8790000000,0.5431875000,4.8731250000
761.3275570869,0.8784375000,0.5431875000,4.8733125000
761.4274232388,0.8782500000,0.5435625000,4.8733125000
761.5274236202,0.8778750000,0.5422500000,4.8731250000
761.6274666786,0.8776875000,0.5422500000,4.8735000000
761.7275478840,0.8776875000,0.5422500000,4.8733125000
761.8275337219,0.8775000000,0.5424375000,4.8735000000
761.9275567532,0.8773125000,0.5422500000,4.8733125000
762.0277640820,0.8769375000,0.5420625000,4.8733125000
762.1276674271,0.8769375000,0.5422500000,4.8733125000
762.2274653912,0.8765625000,0.5430000000,4.8735000000
762.3282082081,0.8758125000,0.5433750000,4.8725625000
762.4276556969,0.8761875000,0.5422500000,4.8733125000
762.5274493694,0.8756250000,0.5430000000,4.8733125000
762.6274397373,0.8756250000,0.5426250000,4.8733125000
762.7274813652,0.8752500000,0.5422500000,4.8733125000
762.8276722431,0.8754375000,0.5428125000,4.8733125000
762.9275856018,0.8750625000,0.5426250000,4.8733125000
763.0276021957,0.8750625000,0.5431875000,4.8733125000
763.1276199818,0.8745000000,0.5422500000,4.8733125000
763.2276129723,0.8746875000,0.5431875000,4.8733125000
763.3275797367,0.8743125000,0.5422500000,4.8733125000
763.4275820255,0.8739375000,0.5431875000,4.8733125000
763.5277841091,0.8741250000,0.5431875000,4.8735000000
763.6274728775,0.8737500000,0.5428125000,4.8733125000
763.7276520729,0.8733750000,0.5428125000,4.8733125000
763.8276164532,0.8733750000,0.5431875000,4.8733125000
763.9274559021,0.8730000000,0.5430000000,4.8733125000
764.0274658203,0.8730000000,0.5424375000,4.8733125000
764.1276412010,0.8726250000,0.5422500000,4.8733125000
764.2275896072,0.8726250000,0.5424375000,4.8733125000
764.3274281025,0.8724375000,0.5430000000,4.8733125000
764.4275407791,0.8720625000,0.5435625000,4.8733125000
764.5275728703,0.8720625000,0.5420625000,4.8733125000
764.6274385452,0.8718750000,0.5422500000,4.8735000000
764.7275829315,0.8715000000,0.5422500000,4.8735000000
764.8275258541,0.8715000000,0.5422500000,4.8733125000
764.9276332855,0.8713125000,0.5422500000,4.8733125000
765.0276267529,0.8707500000,0.5418750000,4.8720000000
765.1277744770,0.8709375000,0.5420625000,4.8731250000
765.2276408672,0.8705625000,0.5424375000,4.8733125000
765.3274812698,0.8703750000,0.5420625000,4.8733125000
765.4274861813,0.8701875000,0.5422500000,4.8733125000
765.5276198387,0.8700000000,0.5426250000,4.8733125000
765.6274671555,0.8696250000,0.5435625000,4.8733125000
765.7276024818,0.8698125000,0.5426250000,4.8733125000
765.8275122643,0.8692500000,0.5422500000,4.8733125000
765.9275019169,0.8692500000,0.5424375000,4.8733125000
766.0275192261,0.8690625000,0.5424375000,4.8733125000
766.1278500557,0.8690625000,0.5424375000,4.8733125000
766.2276442051,0.8688750000,0.5430000000,4.8733125000
766.3276734352,0.8685000000,0.5426250000,4.8733125000
766.4274802208,0.8681250000,0.5424375000,4.8733125000
766.5277781487,0.8679375000,0.5424375000,4.8733125000
766.6276509762,0.8679375000,0.5424375000,4.8733125000
766.7274978161,0.8679375000,0.5428125000,4.8733125000
766.8276796341,0.8675625000,0.5428125000,4.8733125000
766.9275817871,0.8671875000,0.5424375000,4.8731250000
767.0276689529,0.8668125000,0.5433750000,4.8731250000
767.1277339458,0.8670000000,0.5433750000,4.8735000000
767.2277173996,0.8668125000,0.5424375000,4.8735000000
767.3320157528,0.8668125000,0.5418750000,4.8733125000
767.4276401997,0.8664375000,0.5424375000,4.8733125000
767.5274889469,0.8664375000,0.5431875000,4.8733125000
767.6275801659,0.8660625000,0.5430000000,4.8733125000
767.7274699211,0.8658750000,0.5428125000,4.8735000000
767.8276431561,0.8656875000,0.5422500000,4.8731250000
767.9276559353,0.8655000000,0.5430000000,4.8733125000
768.0290980339,0.8655000000,0.5430000000,4.8733125000
768.1278269291,0.8651250000,0.5435625000,4.8733125000
768.2277445793,0.8649375000,0.5426250000,4.8733125000
768.3276257515,0.8649375000,0.5424375000,4.8733125000
768.4274840355,0.8645625000,0.5424375000,4.8733125000
768.5275189877,0.8643750000,0.5431875000,4.8733125000
768.6276032925,0.8640000000,0.5435625000,4.8731250000
768.7275655270,0.8640000000,0.5426250000,4.8733125000
768.8275797367,0.8640000000,0.5428125000,4.8733125000
768.9276297092,0.8638125000,0.5430000000,4.8733125000
769.0275545120,0.8636250000,0.5426250000,4.8733125000
769.1276803017,0.8632500000,0.5422500000,4.8733125000
769.2274398804,0.8632500000,0.5431875000,4.8733125000
769.3275201321,0.8628750000,0.5428125000,4.8733125000
769.4275772572,0.8628750000,0.5431875000,4.8733125000
769.5286705494,0.8626875000,0.5428125000,4.8733125000
769.6275084019,0.8625000000,0.5430000000,4.8733125000
769.7275536060,0.8625000000,0.5435625000,4.8735000000
769.8274645805,0.8623125000,0.5426250000,4.8735000000
769.9276108742,0.8621250000,0.5426250000,4.8735000000
770.0274162292,0.8619375000,0.5430000000,4.8733125000
770.1276190281,0.8617500000,0.5435625000,4.8735000000
770.2274451256,0.8617500000,0.5433750000,4.8735000000
770.3276460171,0.8613750000,0.5431875000,4.8727500000
770.4275786877,0.8610000000,0.5428125000,4.8731250000
770.5275135040,0.8610000000,0.5426250000,4.8733125000
770.6274309158,0.8610000000,0.5424375000,4.8735000000
770.7274680138,0.8606250000,0.5431875000,4.8733125000
770.8277666569,0.8606250000,0.5426250000,4.8733125000
770.9290120602,0.8602500000,0.5431875000,4.8733125000
771.0278162956,0.8604375000,0.5430000000,4.8733125000
771.1276197433,0.8598750000,0.5433750000,4.8733125000
771.2274723053,0.8596875000,0.5431875000,4.8733125000
771.3276391029,0.8596875000,0.5435625000,4.8733125000
771.4274833202,0.8596875000,0.5424375000,4.8733125000
771.5283055305,0.8595000000,0.5422500000,4.8731250000
771.6275599003,0.8595000000,0.5430000000,4.8731250000
771.7274193764,0.8591250000,0.5431875000,4.8733125000
771.8275389671,0.8589375000,0.5431875000,4.8733125000
771.9274821281,0.8589375000,0.5426250000,4.8733125000
772.0275664330,0.8585625000,0.5431875000,4.8733125000
772.1276106834,0.8581875000,0.5431875000,4.8733125000
772.2275483608,0.8581875000,0.5426250000,4.8733125000
772.3288528919,0.8580000000,0.5428125000,4.8733125000
772.4277422428,0.8580000000,0.5430000000,4.8735000000
772.5276575089,0.8580000000,0.5431875000,4.8735000000
772.6275792122,0.8574375000,0.5422500000,4.8733125000
772.7275786400,0.8576250000,0.5426250000,4.8733125000
772.8274245262,0.8572500000,0.5431875000,4.8735000000
772.9276478291,0.8570625000,0.5424375000,4.8733125000
773.0276937485,0.8572500000,0.5424375000,4.8733125000
773.1277408600,0.8568750000,0.5426250000,4.8733125000
773.2276163101,0.8568750000,0.5428125000,4.8733125000
773.3276503086,0.8565000000,0.5422500000,4.8733125000
773.4274728298,0.8563125000,0.5430000000,4.8733125000
773.5275859833,0.8561250000,0.5426250000,4.8733125000
773.6275596619,0.8559375000,0.5420625000,4.8733125000
773.7274572849,0.8557500000,0.5430000000,4.8731250000
773.8276484013,0.8559375000,0.5430000000,4.8733125000
773.9274470806,0.8553750000,0.5428125000,4.8733125000
774.0277867317,0.8550000000,0.5418750000,4.8733125000
774.1277041435,0.8553750000,0.5428125000,4.8733125000
774.2274463177,0.8548125000,0.5428125000,4.8731250000
774.3274831772,0.8548125000,0.5422500000,4.8733125000
774.4275567532,0.8548125000,0.5424375000,4.8733125000
774.5275139809,0.8544375000,0.5433750000,4.8733125000
774.6275436878,0.8546250000,0.5431875000,4.8733125000
774.7275300026,0.8542500000,0.5415000000,4.8733125000
774.8275935650,0.8542500000,0.5430000000,4.8735000000
774.9274418354,0.8542500000,0.5416875000,4.8735000000
775.0274446011,0.8538750000,0.5418750000,4.8733125000
775.1276178360,0.8538750000,0.5416875000,4.8735000000
775.2276651859,0.8536875000,0.5426250000,4.8735000000
775.3276193142,0.8535000000,0.5415000000,4.8733125000
775.4275097847,0.8535000000,0.5416875000,4.8735000000
775.5277557373,0.8531250000,0.5428125000,4.8712500000
775.6276111603,0.8531250000,0.5420625000,4.8731250000
775.7275500298,0.8525625000,0.5416875000,4.8733125000
775.8274376392,0.8525625000,0.5415000000,4.8731250000
775.9274473190,0.8525625000,0.5418750000,4.8733125000
776.0274076462,0.8523750000,0.5430000000,4.8733125000
776.1276614666,0.8523750000,0.5428125000,4.8733125000
776.2275054455,0.8520000000,0.5422500000,4.8733125000
776.3274779320,0.8520000000,0.5426250000,4.8733125000
776.4275507927,0.8518125000,0.5420625000,4.8733125000
776.5274422169,0.8516250000,0.5420625000,4.8733125000
776.6276118755,0.8518125000,0.5424375000,4.8731250000
776.7275044918,0.8512500000,0.5422500000,4.8733125000
776.8274343014,0.8514375000,0.5422500000,4.8733125000
776.9275658131,0.8512500000,0.5420625000,4.8731250000
777.0276463032,0.8506875000,0.5418750000,4.8733125000
777.1277565956,0.8506875000,0.5422500000,4.8733125000
777.2275505066,0.8505000000,0.5422500000,4.8733125000
777.3276016712,0.8506875000,0.5430000000,4.8733125000
777.4274711609,0.8505000000,0.5430000000,4.8733125000
777.5275406837,0.8503125000,0.5420625000,4.8735000000
777.6276485920,0.8503125000,0.5422500000,4.8735000000
777.7275850773,0.8501250000,0.5418750000,4.8735000000
777.8274230957,0.8497500000,0.5424375000,4.8735000000
777.9275076389,0.8499375000,0.5420625000,4.8735000000
778.0287036896,0.8495625000,0.5422500000,4.8735000000
778.1277604103,0.8491875000,0.5424375000,4.8720000000
778.2276310921,0.8493750000,0.5428125000,4.8733125000
778.3275074959,0.8491875000,0.5430000000,4.8733125000
778.4277174473,0.8493750000,0.5422500000,4.8733125000
778.5276582241,0.8484375000,0.5430000000,4.8731250000
778.6275572777,0.8488125000,0.5430000000,4.8733125000
778.7275071144,0.8486250000,0.5420625000,4.8733125000
778.8277318478,0.8484375000,0.5418750000,4.8733125000
778.9275991917,0.8484375000,0.5431875000,4.8733125000
779.0275883675,0.8482500000,0.5422500000,4.8733125000
779.1276299953,0.8478750000,0.5431875000,4.8733125000
779.2274763584,0.8478750000,0.5428125000,4.8733125000
779.3275990486,0.8476875000,0.5426250000,4.8733125000
779.4302542210,0.8476875000,0.5422500000,4.8733125000
779.5277633667,0.8478750000,0.5430000000,4.8731250000
779.6276559830,0.8476875000,0.5424375000,4.8733125000
779.7275428772,0.8473125000,0.5428125000,4.8733125000
779.8276185989,0.8471250000,0.5433750000,4.8733125000
779.9276251793,0.8469375000,0.5422500000,4.8733125000
780.0277919769,0.8469375000,0.5426250000,4.8733125000
780.1276450157,0.8467500000,0.5418750000,4.8735000000
780.2275855541,0.8465625000,0.5435625000,4.8735000000
780.3276174068,0.8463750000,0.5430000000,4.8735000000
780.4276328087,0.8463750000,0.5416875000,4.8735000000
780.5276303291,0.8461875000,0.5426250000,4.8735000000
780.6274738312,0.8461875000,0.5426250000,4.8733125000
780.7276113033,0.8460000000,0.5431875000,4.8735000000
780.8275797367,0.8454375000,0.5424375000,4.8721875000
780.9290294647,0.8458125000,0.5430000000,4.8731250000
781.0277452469,0.8458125000,0.5426250000,4.8731250000
781.1277186871,0.8458125000,0.5426250000,4.8733125000
781.2275886536,0.8452500000,0.5422500000,4.8733125000
781.3274369240,0.8450625000,0.5428125000,4.8733125000
781.4275341034,0.8450625000,0.5426250000,4.8733125000
781.5277752876,0.8450625000,0.5424375000,4.8733125000
781.6275792122,0.8448750000,0.5435625000,4.8733125000
781.7275652885,0.8448750000,0.5430000000,4.8733125000
781.8274626732,0.8446875000,0.5433750000,4.8733125000
781.9275712967,0.8443125000,0.5426250000,4.8733125000
782.0275530815,0.8443125000,0.5431875000,4.8731250000
782.1276800632,0.8445000000,0.5430000000,4.8733125000
782.2275028229,0.8439375000,0.5430000000,4.8733125000
782.3275234699,0.8439375000,0.5424375000,4.8733125000
782.4276497364,0.8435625000,0.5426250000,4.8733125000
782.5276362896,0.8437500000,0.5426250000,4.8735000000
782.6275756359,0.8437500000,0.5426250000,4.8735000000
782.7274854183,0.8435625000,0.5428125000,4.8735000000
782.8275542259,0.8433750000,0.5433750000,4.8735000000
782.9276406765,0.8433750000,0.5422500000,4.8735000000
783.0277221203,0.8431875000,0.5422500000,4.8733125000
783.1277623177,0.8430000000,0.5426250000,4.8735000000
783.2276108265,0.8428125000,0.5439375000,4.8718125000
783.3276221752,0.8426250000,0.5420625000,4.8733125000
783.4275496006,0.8428125000,0.5433750000,4.8733125000
783.5274903774,0.8426250000,0.5430000000,4.8733125000
783.6274390221,0.8428125000,0.5426250000,4.8733125000
783.7274692059,0.8422500000,0.5426250000,4.8733125000
783.8279843330,0.8422500000,0.5426250000,4.8733125000
783.9275798798,0.8418750000,0.5430000000,4.8733125000
784.0275826454,0.8418750000,0.5430000000,4.8733125000
784.1276140213,0.8416875000,0.5430000000,4.8733125000
784.2274162769,0.8418750000,0.5424375000,4.8733125000
784.3275079727,0.8418750000,0.5430000000,4.8733125000
784.4285168648,0.8416875000,0.5420625000,4.8733125000
784.5277831554,0.8415000000,0.5426250000,4.8733125000
784.6276414394,0.8413125000,0.5418750000,4.8733125000
784.7275593281,0.8415000000,0.5426250000,4.8731250000
784.8275058270,0.8411250000,0.5422500000,4.8733125000
784.9274740219,0.8411250000,0.5430000000,4.8733125000
785.0275321007,0.8409375000,0.5431875000,4.8733125000
785.1276433468,0.8407500000,0.5430000000,4.8735000000
785.2287364006,0.8407500000,0.5424375000,4.8733125000
785.3274893761,0.8405625000,0.5430000000,4.8735000000
785.4275670052,0.8403750000,0.5431875000,4.8735000000
785.5274829865,0.8401875000,0.5426250000,4.8735000000
785.6275460720,0.8403750000,0.5424375000,4.8733125000
785.7274985313,0.8400000000,0.5431875000,4.8735000000
785.8275372982,0.8400000000,0.5431875000,4.8731250000
785.9274916649,0.8398125000,0.5435625000,4.8733125000
786.0277726650,0.8398125000,0.5422500000,4.8731250000
786.1276299953,0.8398125000,0.5431875000,4.8731250000
786.2274491787,0.8394375000,0.5433750000,4.8733125000
786.3275284767,0.8394375000,0.5431875000,4.8733125000
786.4274432659,0.8394375000,0.5420625000,4.8733125000
786.5275468826,0.8392500000,0.5422500000,4.8733125000
786.6289401054,0.8390625000,0.5428125000,4.8733125000
786.7276306152,0.8390625000,0.5424375000,4.8733125000
786.8275125027,0.8388750000,0.5422500000,4.8733125000
786.9275739193,0.8386875000,0.5430000000,4.8733125000
787.0274488926,0.8385000000,0.5431875000,4.8733125000
787.1277289391,0.8385000000,0.5426250000,4.8731250000
787.2275607586,0.8385000000,0.5428125000,4.8733125000
787.3277037144,0.8381250000,0.5426250000,4.8733125000
787.4275808334,0.8383125000,0.5422500000,4.8733125000
787.5277590752,0.8381250000,0.5430000000,4.8733125000
787.6274988651,0.8381250000,0.5433750000,4.8733125000
787.7275903225,0.8379375000,0.5430000000,4.8733125000
787.8274996281,0.8379375000,0.5428125000,4.8735000000
787.9275755882,0.8379375000,0.5426250000,4.8735000000
788.0275492668,0.8377500000,0.5430000000,4.8733125000
788.1277170181,0.8377500000,0.5426250000,4.8733125000
788.2276718616,0.8377500000,0.5431875000,4.8733125000
788.3276219368,0.8375625000,0.5430000000,4.8733125000
788.4275703430,0.8371875000,0.5435625000,4.8733125000
788.5275998116,0.8371875000,0.5426250000,4.8733125000
788.6275615692,0.8371875000,0.5431875000,4.8731250000
788.7275023460,0.8370000000,0.5431875000,4.8733125000
788.8275275230,0.8370000000,0.5424375000,4.8731250000
788.9274497032,0.8368125000,0.5424375000,4.8733125000
789.0276396275,0.8366250000,0.5431875000,4.8733125000
789.1276402473,0.8368125000,0.5430000000,4.8733125000
789.2274408340,0.8366250000,0.5422500000,4.8733125000
789.3275685310,0.8364375000,0.5428125000,4.8733125000
789.4275665283,0.8364375000,0.5430000000,4.8733125000
789.5276157856,0.8360625000,0.5433750000,4.8731250000
789.6274347305,0.8360625000,0.5426250000,4.8733125000
789.7275168896,0.8358750000,0.5418750000,4.8733125000
789.8275210857,0.8360625000,0.5426250000,4.8733125000
789.9277722836,0.8356875000,0.5420625000,4.8733125000
790.0274994373,0.8355000000,0.5424375000,4.8733125000
790.1278219223,0.8358750000,0.5430000000,4.8733125000
790.2274355888,0.8355000000,0.5416875000,4.8731250000
790.3274614811,0.8356875000,0.5424375000,4.8733125000
790.4276208878,0.8353125000,0.5420625000,4.8733125000
790.5276768208,0.8353125000,0.5426250000,4.8735000000
790.6275744438,0.8353125000,0.5424375000,4.8733125000
790.7274539471,0.8353125000,0.5424375000,4.8735000000
790.8279011250,0.8349375000,0.5422500000,4.8735000000
790.9277882576,0.8349375000,0.5416875000,4.8733125000
